6646
2398
2994
8225
4334
4561
3694
7250
1550
1382
2761
3039
7357
1054
965
8132
1368
3194
71
3164
7692
9644
3373
7398
5797
3225
2607
991
6048
6717
5534
4650
7661
3566
9839
3131
2292
3591
6912
9
1223
104
5044
7676
6615
1608
9350
516
8526
7774
9056
8719
1839
5478
6829
9670
4460
3509
9930
44
9954
3495
3242
8029
4522
9310
1475
4754
8444
7888
3798
226
7427
3919
4826
1531
9701
1812
3079
228
3623
3707
5865
2208
3138
1755
3642
5594
5983
7066
7282
274
6706
7864
7521
5238
1695
587
1778
7023
4368
6030
9473
7857
5427
4354
3909
6058
6559
3033
9790
8188
9462
7007
6668
5533
1158
3037
8534
5772
9219
3646
8991
9332
5879
2548
1388
6228
2583
1063
2843
2637
2170
2384
5145
5752
4076
1962
3006
7092
3043
5275
1640
9733
7883
9399
2948
5860
2142
9126
4046
8576
8116
1028
3019
3806
5869
2236
1857
2074
9129
175
278
5893
2720
3682
8456
7190
2655
9299
1907
6068
9043
2529
945
3013
7691
9655
3264
6164
4719
1722
7065
4902
2841
4169
3162
2819
5381
4712
7669
5062
4192
8303
7342
8381
168
9519
3979
5344
2374
971
5909
4636
7272
1191
4906
2779
9003
2654
8440
1091
2456
7371
5653
6857
9079
7425
5942
3672
2296
8973
8915
9570
8332
509
1878
4860
4617
8569
5341
2778
566
3683
6945
6649
5376
9313
7781
8979
4883
4322
7459
5835
382
9859
6515
3625
4255
8774
4930
977
5836
9664
9183
2049
8881
4230
7875
7465
8432
5433
3106
6988
209
1264
7741
6680
2450
6977
5622
3602
5474
7644
7688
7656
4170
4830
5938
5261
8935
4935
5327
984
7366
7118
1503
9765
2991
46
663
8676
9657
8228
3913
8887
6873
5239
7847
9322
1813
1589
8269
4995
5068
7909
7113
3266
7102
6131
833
2737
8014
1596
4277
2406
9484
9222
5641
7264
6267
7999
3232
1385
2633
5185
6907
7722
4474
6909
6241
9833
7947
5083
2117
6108
5806
2472
9345
5476
9821
6290
5205
7913
26
1374
7306
5953
6894
2253
3812
1197
4738
4817
2951
6426
2855
3244
1376
9483
3739
457
2563
1096
3603
5446
856
3522
9768
5225
3863
6396
8985
8418
3036
8287
3627
1136
4769
3937
4986
7161
8378
7420
7862
9169
5149
1198
9891
9621
9916
7917
2506
8163
162
4054
694
7003
891
3895
7723
2984
4983
2782
4556
3906
2153
5328
3075
238
6906
6330
1600
2499
8636
2075
8266
9354
9571
6296
1291
208
7060
438
4581
3839
873
5208
8099
5561
5235
8986
9235
1002
8612
9567
9958
9798
4686
2383
3429
8942
6374
8451
8191
7634
7352
4549
635
2013
6779
5732
411
1498
5451
5815
9574
9578
107
3422
9186
7324
4961
9603
9638
6903
1453
5605
2151
8080
7666
2285
9510
3128
2444
6864
2541
4709
1993
843
4326
2358
5702
7068
6609
5563
1145
7181
7271
8977
9277
2402
7808
569
3504
4836
3864
8300
5430
7098
426
9915
1762
2939
4203
1721
325
4546
9647
3619
6639
7050
8110
6752
2681
7487
9797
7017
2665
9387
1750
246
7930
7570
8580
594
1692
8974
3923
7194
7479
4198
9258
6606
4263
5159
3044
3441
8538
4313
9236
5244
6566
465
9223
4265
9808
8967
3526
2857
4633
7696
884
2919
800
2458
1322
4846
901
9207
6546
6675
4900
5396
6696
2847
2736
6564
9281
3332
1303
3182
1249
9487
1952
2591
3372
3076
1792
5094
854
9001
8632
4756
4005
5266
2286
1378
9116
4766
4734
7553
284
2718
7535
8874
6021
2894
6084
3085
2375
8694
2195
729
6897
1893
5005
8248
5632
2826
6158
4011
1354
6459
6275
6044
804
3673
3805
6187
3699
5012
8849
981
5841
4072
1975
7628
4403
2609
9013
1997
3554
3640
3009
7128
5655
641
6496
4966
9454
2378
9092
2418
3705
880
6681
4502
4996
920
9873
8629
7971
4557
1047
5232
8427
8921
4786
6454
1491
676
928
3295
6853
2891
1314
3749
6761
1420
5118
5093
1537
1067
7668
7455
8972
20
3655
7843
9690
7142
8627
1287
1169
6423
7312
3071
1337
8478
625
4842
3870
7742
2549
8801
9836
1290
240
9477
1728
4156
8465
5755
4083
9729
3352
2096
327
9741
7715
9779
6356
1932
769
1618
9457
6518
1583
2606
4042
9428
1108
3853
6328
1429
9045
1236
3944
4988
3361
8209
5174
5837
6972
6279
4038
5782
7962
7712
7670
9391
6148
2069
472
7591
4586
5010
9090
1811
9643
8186
7167
8449
267
269
7172
9296
7584
7771
5303
6362
5417
9649
5416
4254
9527
1071
1723
303
6105
4613
7690
2396
7474
4589
768
879
4257
2601
1677
1735
9938
1715
2289
9191
1634
5346
2173
2452
8196
570
2596
9057
8501
5206
7387
3860
6674
5968
2306
6787
7751
9393
552
7785
3103
6152
1184
6917
3092
363
7186
3235
9017
1254
1795
6297
6358
2959
3700
8165
3876
460
1019
5335
8837
6941
1899
1925
181
3636
2531
4496
1648
4821
4732
6949
7975
5685
9840
7392
2581
1001
5574
2373
4562
9856
7761
5306
7453
9492
1459
9863
2586
4806
8400
5245
591
9972
4352
1440
341
491
9241
7229
2347
351
961
6057
6382
6656
4120
8277
1225
7972
4057
1575
1738
1256
388
5787
5264
4394
9504
2629
3717
3874
7988
5665
9745
7990
6719
2283
6602
6655
9108
2942
1201
9518
7434
5964
4862
6363
5781
8809
2688
8954
5400
3449
636
8492
5234
3949
1480
6726
3987
248
5917
7540
6597
9838
9042
7596
4767
2287
4338
982
1880
2713
5882
178
1984
5
5085
3448
2032
8597
113
433
4620
1913
6494
3989
5256
2408
7822
8177
2719
6987
9505
1114
7528
1768
6112
8417
8459
5814
2053
7803
3269
5020
2712
1072
6139
8366
5775
7506
8050
2445
8690
1970
1800
5487
5778
4905
8640
9539
3257
1490
4868
8965
1666
834
9247
4047
8346
5519
5861
7413
134
1312
7460
500
201
9694
5611
3271
5253
1417
5459
935
2038
8630
2644
6799
4419
7849
9445
2290
6087
3260
3026
8836
5855
1665
4896
693
4124
9111
7436
416
839
8968
3515
3486
6862
7002
639
3651
4492
9002
6856
9482
7558
2479
9276
313
348
2271
8599
2846
3820
1782
4056
2795
4211
2194
551
3692
202
4117
776
3407
906
8958
7736
7450
6819
3975
6603
9209
3087
8357
4345
1377
357
6102
9395
4331
1817
317
3432
9402
7574
1179
5975
4427
9448
2199
8989
1613
8472
8896
2874
6611
791
9136
277
8037
2186
2534
1193
3157
4951
7933
8153
4536
9594
8717
1758
4081
439
3143
9818
9890
488
19
6866
8425
5383
7833
6409
9159
3038
9606
9041
5080
6169
5364
3713
9069
3555
6365
2482
1922
2955
337
2181
4050
5706
8289
4750
7108
2698
9000
7552
824
872
2975
8840
5842
7595
7166
6890
4242
5785
5298
9128
2788
704
7318
4116
1160
8001
6488
6629
2091
1609
1127
2405
5989
6018
4782
7276
335
7246
8877
3778
9058
3200
2154
8506
4108
6808
6393
3574
9084
7236
3000
38
2233
1968
1926
2326
7467
6570
9780
1107
2372
5035
4528
9091
5058
4238
2858
2077
9977
3059
1680
7798
56
685
1406
1330
2422
6718
7481
840
8525
1302
7024
5340
8321
77
4413
7470
9125
3483
2144
7417
7193
4804
4730
7924
6851
1905
6915
8206
5406
478
7507
538
8045
2333
518
3690
6908
2057
7760
1828
721
4408
8107
796
339
9202
5532
2691
9982
7478
844
5703
8919
116
334
3898
1081
9522
9910
5613
5136
3634
8350
5976
377
5910
627
8059
1229
4791
8800
2079
5675
6722
7878
9130
4351
3047
8515
3213
7792
399
1104
4185
8808
8821
5410
2465
7910
328
7488
6684
1439
5176
5545
4350
1301
4865
5891
6763
6237
1844
4000
8527
459
8215
1587
7550
2587
6574
9248
7165
3999
3611
2136
9344
7090
2946
4109
2558
8928
9940
9206
9793
2659
9952
419
448
2120
8009
7100
5171
9628
645
4358
1023
2219
4555
2410
931
4640
6624
7056
5840
8071
8748
9478
2004
8557
9511
1667
7130
3094
5518
8012
8406
6304
6357
3969
9605
9746
2870
7295
6486
5030
2426
5963
9881
5369
225
4591
3762
9713
6708
7279
7867
5529
4228
114
6976
6176
8705
7810
3723
2480
8695
2842
2806
2585
3022
7638
2059
4740
2229
9892
5790
994
4516
7842
896
51
7484
6177
1324
6338
5421
3807
8563
3899
222
1181
4673
3349
7454
9052
6512
6000
8103
3833
716
2815
4742
7275
9651
8335
9956
6407
3740
1257
7344
1112
4984
9089
5900
1879
4720
6517
7468
3395
8793
5153
6468
4489
5187
4079
3228
6760
1221
9817
1017
9316
1119
3438
4349
5439
5626
8933
7622
6059
4505
1320
8426
2431
5918
1597
3587
7212
469
392
9841
1554
3439
5009
4271
7997
7216
4272
4020
4290
2944
2893
1218
3151
5429
8167
7865
2667
9284
3042
2258
3166
4414
9560
4894
320
4521
6962
2674
8900
9868
9213
7294
6922
4114
8926
4453
4956
9508
7176
8749
892
6800
1616
8656
8889
6824
908
4697
1139
8373
4302
3323
9368
128
2918
9763
2354
150
9372
5647
288
8019
315
7714
6465
7583
8804
3532
6974
647
4944
7926
4378
346
2812
8184
1983
1807
3418
4735
8700
914
4953
9636
4887
2680
890
1384
2554
3212
9843
8369
9631
1814
1789
9633
3537
4233
4084
3934
8309
691
8957
9301
7783
2000
4941
9653
6331
3527
8554
4167
9302
3840
3335
1916
4415
5172
2393
3540
4939
5731
4602
8983
3273
5278
47
8166
5414
3914
3425
8262
4397
7616
4840
3111
5768
33
7054
4110
5916
6006
784
5786
7575
4669
2952
5329
8135
1031
7156
7868
9530
8168
1499
6608
882
6527
751
6012
1458
8791
8581
8157
4808
9563
3195
4695
2784
4501
2357
6553
3877
1780
1560
7053
3108
4245
9799
8604
8490
5198
6495
7452
5100
8950
8606
60
5033
5753
3045
2671
1643
1110
2836
9081
3371
9585
8564
8785
921
5609
828
2704
1052
5004
61
8905
8422
2656
4347
1906
229
5896
7335
9158
2999
406
9293
2270
4396
5209
4744
9543
9632
9494
4703
105
4431
6212
7541
5458
7028
6035
2466
7608
7251
7080
6406
4827
2588
4118
7617
8512
6220
9259
7786
2525
2685
4889
9887
3165
3686
8847
4795
9695
6781
6923
2546
4018
1353
1402
9569
9490
7217
9174
5644
7079
2353
8200
4880
4824
3455
463
8083
9708
9583
4433
4929
1943
3124
2787
6823
305
2767
4820
6584
2958
8328
5890
9663
9557
3580
1018
6034
1868
1154
6986
7929
4399
3110
7970
5692
409
4926
7597
5811
6613
445
7916
9366
3702
522
1774
929
4240
2662
792
5326
9957
4807
7030
9987
4491
7323
4062
648
1994
1824
9556
481
6184
5770
5858
6832
1867
6797
959
2573
156
7222
6716
6504
8470
4039
699
8053
1657
5978
5014
590
1106
347
2906
9446
5108
9953
3494
4342
930
5071
3405
5707
5481
1912
7367
3961
2109
3367
8481
7994
6272
5889
7188
496
546
673
7687
1327
3141
9073
7918
4119
9373
170
6729
4814
7499
2
4835
968
2821
9419
4550
7232
3339
5280
878
897
2150
3289
5654
6861
2220
1135
7882
4418
9773
2641
5359
8652
6507
6452
8396
9980
4309
7338
2760
4616
5674
2382
3023
5386
7354
8738
2634
9909
7248
9375
6354
5349
9581
8222
5984
9249
3800
8635
8348
1359
8755
6514
7840
1316
9463
3207
2962
5513
2668
4294
8476
3123
6274
7569
9034
5625
5585
369
2882
9306
5372
9864
7519
4321
6589
1098
6232
2428
6029
9973
1761
3016
8842
1779
1727
4799
5194
4911
9534
8256
5774
7159
8375
5081
9789
2360
3227
5485
2562
3283
4559
8648
5505
730
3680
3126
853
4909
2551
1769
6473
5333
8436
3421
2954
4837
2497
8260
6229
3114
8443
8657
3069
474
6151
6963
5154
4286
604
9264
6447
4513
709
9139
718
8399
3030
8458
9896
3428
2143
6932
9208
8486
2033
6390
3222
3070
6910
5432
4714
3803
7824
830
788
6481
6671
2350
1034
6539
1215
9536
8284
4925
9444
8082
3050
8747
7658
2436
8540
2470
1419
7815
7601
3802
3461
4086
6422
8488
9986
8139
8457
586
43
5602
7579
7444
3594
7613
9476
4063
245
7514
1874
911
3243
8413
3764
1607
7818
1760
826
8529
7976
4335
4923
7483
102
330
4280
9774
9971
8962
5165
9776
9775
3168
1731
8270
1170
5200
3481
3409
7927
6019
2257
8271
3745
2602
3569
4672
555
7134
9652
1080
9568
9805
5491
1383
6085
6429
8286
6405
9274
9179
8364
4959
5201
8149
4736
6983
7133
5566
1101
1646
4176
9234
2813
7653
820
3665
259
2101
211
6258
7789
8084
2192
8716
5659
4107
9495
1412
2163
9363
7861
5382
567
5007
8106
2896
2369
5413
2387
3534
6384
7795
1227
5680
4597
1462
5557
3772
6234
3826
1428
6463
4317
3203
1352
5764
9835
7140
393
300
4177
1233
5017
2523
8342
4946
1424
5336
1211
1466
4565
7154
6805
7746
9924
4888
9962
9549
3758
4787
6669
6568
9400
6498
3964
2738
6369
1326
2981
2839
3241
2166
6942
7937
6632
9318
4227
2692
5226
6710
136
8021
2822
4839
4184
7576
8795
8370
5132
8299
121
112
5467
4629
306
6563
7269
925
1317
7699
565
280
6417
1437
5801
2726
218
9269
3730
127
6653
7877
7315
4626
4398
7378
6064
2421
2849
1473
7105
1413
528
1506
5724
4319
434
7221
2514
7968
9685
287
4284
2977
2947
2129
6183
5098
1013
3196
2315
6822
5401
9033
7072
9176
4637
3226
3678
1275
7891
2496
2505
7163
5254
2582
3629
8940
852
8588
6350
8577
8302
2145
9425
1805
3286
8245
4291
2574
2837
996
3948
615
5214
1594
750
1501
9814
8885
489
5751
9335
9004
6159
447
2027
7359
1863
58
7892
7234
3599
7208
8189
8565
2825
2927
1664
345
5904
4241
2102
8463
8068
4183
3503
1639
1991
3861
5606
4461
7727
4329
5568
3005
521
7489
3133
176
8317
4498
5294
9755
9533
1562
5848
84
9997
3858
5036
14
2161
2446
5982
682
5584
2415
1612
1472
1770
3768
5110
91
1964
5499
5593
7629
5657
4778
8946
3541
6335
8850
4962
184
3247
9386
1282
2007
8085
7365
7385
9122
3747
868
8384
2675
5127
1734
5277
54
4605
155
9800
3382
8892
1920
3777
2775
9076
7992
3475
7097
1593
8817
1681
8863
3890
5658
7547
7908
1111
3846
3712
5515
3939
5419
8708
7562
1456
5892
1772
775
4648
5687
4094
1771
1558
2267
6203
2344
2508
5999
2157
9894
1580
5575
6626
5866
5873
1706
4494
3854
6920
5160
6522
4049
1940
3392
9659
5788
8547
7548
8438
2366
772
797
4545
1065
9902
8871
6336
9730
2411
6935
2095
974
3656
3502
1819
3654
273
8483
1124
4973
5285
2758
2341
3101
194
286
8820
6339
5101
2635
8239
5520
9565
8920
3028
758
944
4621
3565
1505
1131
1010
3186
8022
2272
2318
72
4774
4180
5717
4728
4761
3433
4095
3304
7238
9903
435
7740
4646
9602
5411
5816
987
3985
2568
9785
8127
4772
8539
2107
443
236
8906
1168
5595
1959
5345
2224
2177
7639
2308
6549
7611
5037
5771
2544
4858
8296
4442
6039
5348
3779
4989
8843
4437
9725
1397
2851
6434
7523
8419
9507
6020
8347
599
253
825
6209
1144
706
4570
2316
9110
3711
301
9443
3742
9828
5537
7624
5133
1592
6285
23
1866
2276
8857
1134
5556
1858
7255
9012
8595
5015
8415
7667
6352
1889
869
8704
6252
4490
5852
1
7292
1522
9728
5259
5501
2058
5741
7533
8876
4093
1969
5886
3561
5203
2329
8994
3891
9378
1978
6958
2030
4745
3525
8130
9684
8934
7309
1574
1122
8306
6195
8441
7303
9665
3298
2983
375
1691
602
6790
5404
8175
711
8655
4473
8020
8452
1167
9265
5251
446
6375
1477
5966
6638
504
1534
8174
2362
4706
6432
562
8385
9333
1258
9734
2742
6664
3129
1482
3334
2617
2127
1390
3049
1823
9026
6249
6698
6806
6685
9071
582
2683
8528
1152
6410
7686
1143
2964
4206
4318
8344
7213
588
5123
4189
4654
479
9919
7823
7299
1854
3440
7237
6913
5284
65
1918
4468
6804
7401
9486
6115
4064
8803
3097
1243
6536
2481
5310
4314
9086
4171
550
9969
6346
8253
6704
1033
3002
3676
2700
629
1173
8867
4459
1244
8155
401
5820
7954
8447
9883
7532
1073
9170
520
6769
8562
4758
7710
9739
2376
4162
9093
864
4068
9152
7871
1474
6199
4359
4776
7379
9165
3918
2603
8051
1147
4087
2002
4454
9334
630
1042
4478
1207
6110
1228
9148
3458
5026
8860
9426
9172
6673
8485
8105
9132
172
7162
2337
6250
5322
8688
425
736
8397
5941
7872
5555
3978
8095
4435
137
7145
2949
8531
7009
4138
5920
5147
3306
2786
1689
8722
4803
8625
7593
3029
3358
8759
5864
5914
589
5664
8651
8834
3391
3208
1740
3359
9224
2020
8246
2228
2067
4101
6383
4657
1705
35
3191
7308
4658
1210
1821
7934
135
7027
7442
5065
291
3462
1323
9401
6094
3910
2817
9792
9698
6163
6924
5257
7873
9667
606
6896
7360
6677
544
2745
4785
9762
5897
7473
6770
7466
4131
2164
7081
5758
6937
414
8272
3137
5956
7511
1929
8423
9285
4127
2226
8034
3757
5131
4428
8343
9096
8609
723
3727
4538
8205
6571
2251
6951
250
7640
5627
232
4262
1192
1578
400
4920
806
4365
3104
6497
6096
4470
646
3056
1977
9131
6002
3219
8394
9648
117
3647
8156
507
1183
7984
4715
5521
5987
7083
2912
5422
9357
3185
4644
8259
7884
8288
5867
2920
4151
49
1877
4464
8757
9679
5013
4689
7896
4236
5442
3848
6210
34
8943
1240
3258
865
3415
4276
1886
8030
6759
235
9115
2227
9837
2212
4422
1449
4601
2879
8411
7038
3459
889
5263
3220
3472
8058
6872
9622
2487
7582
7831
1835
9562
5777
6725
4070
1512
7819
3474
2934
2803
1433
6567
7719
5517
1129
6188
1146
2235
3155
5962
8263
297
4537
3390
5051
3536
9824
5224
5076
9018
2498
6620
4370
1713
8624
3051
2877
8220
8661
9672
9187
230
2936
4166
3388
3790
9658
7051
5495
3436
6445
2535
1336
2036
9955
1493
3027
9862
6887
5078
8894
169
2727
8674
9337
6882
7850
6921
4583
1937
9575
3326
4303
2963
2457
765
871
4
8148
8513
4344
3471
3144
3770
6838
7784
5506
7233
9133
4623
1653
1176
835
4987
4136
512
8142
2926
4387
4919
7005
6904
8593
7664
322
4204
4661
2312
7796
2234
9005
9320
832
144
3952
8114
1083
5569
7732
2566
1434
6227
1205
8518
9723
3329
3211
6206
3360
5047
6834
7701
3380
2764
2741
7618
4315
5576
7160
6757
6257
9240
6667
6292
9994
2770
6774
2088
4436
7759
396
9104
7614
2580
7936
2661
270
4724
8494
7811
3020
1452
6361
5693
1725
2420
742
2491
1288
1514
6312
4306
1340
7256
5995
5643
9113
471
2041
2351
8773
3493
2090
2029
7554
2174
8566
3253
9480
655
5921
3911
147
5599
32
6825
3606
7171
9885
9786
7358
4224
1442
2001
4994
8798
480
9523
9106
5373
8777
1286
514
5371
9423
5120
8960
3282
7780
4523
1069
7555
9304
7951
6642
6745
2933
5448
6276
9604
7895
6581
7893
1471
8333
2359
6743
1543
7296
90
1027
4089
7071
3763
333
1545
1423
3255
5389
8229
3169
2355
5562
9225
4353
57
2108
3377
5498
1833
8898
171
3394
3738
8941
275
6478
3986
9882
7652
4373
7766
5309
8741
1366
1089
7730
5435
9646
7716
9995
7062
1241
1756
7834
6145
9586
2537
5106
533
452
9325
4741
456
5317
1888
4632
7381
6204
190
2197
4927
7245
600
5332
9727
5032
5049
9854
2488
3174
3875
2755
1517
6973
4440
9541
2026
7745
1930
6401
5063
3575
3321
9030
5291
7749
2297
9085
9075
6306
80
2128
2905
4130
2268
5282
74
5972
5779
720
4606
5610
1694
3571
8312
16
1992
6590
210
292
9365
1379
6644
7610
1530
1039
4552
1668
4279
3313
6437
8541
9721
4252
6678
5002
4777
473
7794
5402
4006
6460
4612
8172
7419
6101
6070
2371
4940
9678
3560
2473
3954
9620
909
2062
9886
3722
4330
7940
7592
851
8818
2518
2303
554
4618
8409
8878
5189
4341
3011
5240
7254
7500
7158
8931
2349
7493
4655
7040
5948
9748
294
989
789
5000
1265
9455
8511
3183
7347
9178
5339
3478
5018
2280
7790
5355
3938
3240
5512
7779
3482
6650
737
695
477
5793
4752
665
1935
3090
8988
7260
3984
6298
5791
3902
9025
4445
7675
8561
9198
3477
7612
1910
8775
9349
3204
2200
6981
9825
242
5408
1896
8969
3170
8567
9576
1455
1654
4465
7031
4026
2941
8405
9624
653
3003
568
8997
8353
4551
4304
7904
3880
6239
2247
8035
285
4032
8555
6281
193
9193
3171
3748
9961
39
8980
9358
877
2516
7485
9447
4174
5293
2833
8480
1044
1116
4250
2830
5268
4731
614
8224
8392
6758
2503
5227
1712
4933
6826
4434
3065
3447
7257
4222
9214
9932
4608
4773
2658
7451
2416
9185
8553
7757
4884
371
6317
6315
6231
231
9006
2904
934
6631
2924
6612
8710
2834
8668
9468
2910
8349
910
7813
7230
9927
342
3118
1790
2623
8675
4441
2064
9812
6741
8995
2031
9853
4481
9787
6543
1389
1150
415
5843
9726
4872
9640
7906
4790
8897
9466
5312
7539
3943
8901
4058
1283
7082
9107
5343
6876
319
6319
4158
6318
4877
8424
139
3578
4603
4324
4600
312
5197
3245
6469
9547
9080
2311
2409
5715
6301
9117
3320
1038
3775
5580
1427
5709
442
9591
4282
1921
1105
3687
6161
8315
1570
7672
7998
4182
9361
8117
8187
3318
4133
6727
705
55
9456
1855
2414
6555
8825
1331
8938
3528
1239
6080
3117
3048
7150
4361
7426
3357
8238
5258
1840
7880
8026
4796
7399
5961
9526
5535
3583
9083
5939
1255
511
5570
3835
8061
8070
9870
8431
2750
7974
9160
8036
3769
2024
3780
2175
778
519
3731
3677
5844
8835
1463
3936
8069
4553
9816
215
5846
2753
7935
6772
2089
1614
6180
2071
3765
6618
8507
9931
6004
3659
3393
4013
5883
5531
2898
9355
6978
4534
7432
6969
3572
3586
9692
2612
5468
2201
9315
5935
3754
5721
9016
1128
793
5296
1636
94
4716
5930
3209
6707
149
7177
6271
9323
9823
782
4187
2772
7119
4078
6641
8750
490
8961
1803
7950
6901
759
3935
2138
8429
1732
4897
3383
9479
9438
1300
5899
7422
486
2461
2185
5357
5001
6721
4674
596
7147
6033
4348
3198
4207
6005
5817
8072
956
4841
2259
7721
1174
2340
4525
3139
3205
3965
6062
1025
1245
4139
4700
7094
6413
8732
1535
1576
2783
6244
4487
610
6936
863
4721
6047
6268
1829
9675
4208
3413
656
1606
8549
583
6550
8079
5967
372
9270
1341
5670
1180
4753
7326
5794
534
376
255
2460
2559
3958
227
3577
7659
4595
2319
5699
4710
5370
6503
2699
6462
4149
5637
9718
4977
5780
7549
6477
6694
1251
7099
5299
7259
3312
6427
4622
9968
7626
7743
177
5974
2512
6554
2593
9087
7139
7410
4363
2454
1942
1751
661
2060
3710
8984
3337
207
7388
1914
960
9934
861
7214
6775
936
7039
8922
6929
1520
2037
7115
9485
4073
9351
727
687
6
4425
6116
2616
8522
5107
5162
9506
5825
5700
5943
802
3404
5673
9978
7202
6548
8134
9943
612
4469
338
8570
5166
4389
3896
1387
2288
2543
5804
7708
6926
5905
4757
8428
7146
5572
2478
8018
3233
8947
2323
667
5321
1615
118
4784
7782
1351
6505
4395
4508
3384
6931
8356
5544
8477
7084
9138
3488
7006
7752
3819
1100
8217
8379
798
7486
6783
7684
2974
3399
671
2706
8138
2972
6744
5182
7605
9517
3450
2627
86
5331
5425
2747
8006
1693
1090
8133
5542
9911
3346
8360
9710
9102
2126
7928
7471
5903
5915
8495
1178
3280
9100
1513
9021
5640
9542
2094
2092
466
2957
7826
8879
1481
7921
289
6755
3957
9432
7049
2651
8247
6814
6349
8097
7402
5872
5796
3929
5604
4439
6025
4845
2748
7923
4599
7456
7645
6899
578
6027
8590
4251
1726
7943
8509
9242
4564
2225
1569
7321
6167
4969
1346
1870
7753
972
6839
6457
712
2386
9237
7112
556
2908
8682
7380
2743
3597
2540
4624
4231
1140
7517
3520
217
9048
5682
7025
1123
8781
4193
5140
1294
2731
2895
8340
3375
2403
657
9537
1881
3014
3974
8712
8355
2448
2056
2550
9189
3995
1097
5325
7316
2493
876
6157
15
8304
7096
1936
5465
2282
2721
99
9065
9673
1586
4663
125
1446
329
3007
9430
2615
7942
2269
3626
6173
4144
8713
6455
4115
2838
8723
2530
5986
8990
6270
2628
6240
3333
5167
304
6736
6798
1494
4687
2017
2167
6990
4816
1638
5996
2003
9778
3542
9842
6878
3150
5997
1590
6327
7364
1306
3960
191
6965
8858
9415
2808
1547
2131
8125
5041
6572
1335
9217
9770
1325
8377
3531
2424
8548
5926
4945
6695
1418
5881
7395
807
8763
4746
1904
4148
4596
1617
8692
9470
7001
8611
1037
7447
7564
8469
3285
4649
3856
1683
244
8923
8743
1955
1749
462
9383
2735
8208
7174
4066
1496
9053
6982
355
1061
3456
5138
6773
1818
1298
9489
4106
4430
2068
607
3544
6230
1797
3733
795
5527
4635
2310
9409
5146
7717
9398
6661
9499
794
1120
1621
5589
4893
3080
6308
6687
6840
8008
1784
2696
4500
9011
7581
4281
9394
2970
6815
4993
9611
8496
9991
6081
1526
5617
5656
9010
8776
6875
6046
4611
7631
3453
3830
2317
2328
9612
9747
4665
2061
5089
6400
2021
4866
6884
1753
7775
5730
6919
752
4438
5684
4077
529
6660
5271
1938
6628
895
7502
8160
4664
1588
5452
1739
8602
7463
6254
1783
3403
6877
9752
4812
3417
2909
8096
6888
5075
3327
2467
1658
9338
5039
2878
4053
6928
6730
7602
7838
1656
8728
2780
6149
5586
4932
3817
5091
966
4779
3734
8279
2135
4179
1206
2796
7851
429
805
6071
5150
2407
1188
9975
963
3098
1361
7879
810
4970
475
8591
6235
7830
1103
7585
5592
2687
6847
3136
9607
9661
3302
1398
1478
2116
6466
1902
2526
8402
4155
1686
5388
4256
6111
8810
4243
6189
9822
6499
9861
967
5875
8039
5849
9467
5156
6686
1213
8782
8764
5887
913
5857
6379
3156
206
2814
5607
343
8358
3799
4036
3281
3378
2751
5514
2631
2711
5818
9380
4339
5148
1425
888
9597
3147
3814
3116
3311
7991
9619
5689
6314
6003
707
6625
8542
5469
2866
3057
3099
5898
867
67
3217
437
6474
510
2552
3618
4645
9403
4681
4010
2807
2011
9521
3467
4219
2869
1673
497
4881
2158
5267
3078
4722
6943
6995
2134
3813
8064
6337
4476
30
9582
4221
6366
1392
3389
7010
6749
4822
9184
5667
5342
8314
8046
4462
8519
1871
859
875
8354
8054
75
8393
299
2694
3729
3693
3134
4931
4901
9700
4833
2690
4903
1887
1133
1422
5991
81
1050
9488
7270
1834
675
6513
624
8181
8491
6072
5502
3866
8143
2320
1247
743
7756
7414
9783
4652
9068
4676
4690
7648
8959
1551
7191
2605
5302
9390
5511
6952
2527
8213
3256
4472
1598
7036
2202
2515
4055
6699
5183
4691
3328
8584
9192
5475
6801
6045
9263
9944
7492
940
8846
3639
5994
4249
1304
4410
152
6576
3466
4191
5538
1670
1004
3872
4991
6243
6175
6360
2449
6436
4647
2105
5276
6287
6560
5097
4667
9114
7210
7802
5933
686
1675
7504
5894
2169
5365
1525
188
6294
8351
5577
9396
760
7109
4195
2262
6479
9559
672
3859
1602
9671
1861
5839
7531
2346
8899
3445
5116
658
1267
2598
8546
1931
499
5247
203
9250
779
8586
4554
8122
6702
5701
4190
8077
6569
525
7713
3093
6732
786
5092
726
1204
8081
1832
1074
5509
9753
8098
314
1764
4023
1281
7184
1669
5583
9552
3324
3476
8017
5483
2835
6395
4948
8267
3967
3284
818
8129
8537
2797
3202
1109
4449
2055
1289
3728
3884
8359
5628
6780
3199
8753
4574
7287
5907
4692
8832
4008
7178
5175
4539
7310
1567
8794
344
6835
6493
3633
564
2705
6880
9988
7333
2746
1927
2423
998
1399
5064
6997
2678
1652
6190
9820
100
196
5929
4918
7565
609
8324
9680
3176
4248
4642
7551
6647
3297
2513
3827
7180
8327
3893
7397
5587
2284
7863
1546
8092
2943
3551
5871
8736
3178
2980
1253
9529
9385
9451
6577
1272
8647
1775
8752
6295
3816
6088
2437
1798
7959
4867
6665
8856
8140
9331
2575
5313
4519
6150
2502
668
3237
3970
4337
4455
649
5769
3236
5228
9524
7327
5462
9945
933
4904
3925
9088
7428
6134
8788
8622
6490
4266
6211
8089
1744
2650
4915
5289
5180
8000
6881
5621
1939
7016
1495
9850
40
3658
8202
2645
9760
3576
3657
6658
4885
4733
2400
8815
7319
1161
9993
2703
887
2922
3354
5040
1956
1996
6421
5624
3068
1308
2921
3004
1099
5090
6106
1155
6565
4543
1332
539
1619
6944
2051
6485
8454
3821
6280
5046
6562
5112
2010
2636
7920
9998
2622
9246
1635
1765
4043
2670
8544
1012
9706
5827
3931
4743
1687
7858
3579
5813
2907
4025
5666
8013
9609
5366
7369
8654
893
4794
7041
4405
7845
8620
243
2377
3254
2189
1479
9771
2146
6863
5130
1967
8281
7346
5923
3612
6142
5135
5190
3726
5082
4060
2611
3160
1825
5202
3148
4214
5305
3081
3135
7268
4585
4680
7361
6683
5878
4225
2207
8601
8827
2663
4921
4834
1328
3153
7406
3523
703
1217
1212
7678
3072
4375
4558
2168
1842
8951
4540
8841
8320
6605
7443
402
3988
9142
2536
3046
6166
2801
7983
9516
9693
6040
6344
4535
5691
4855
2677
5672
4628
1565
3971
3669
6368
517
8646
7635
6221
5031
2868
2222
4541
4141
1629
1884
9889
308
9826
9143
1704
4607
7157
7226
4580
9913
1358
7155
8371
2123
9754
9282
7313
3638
5934
6083
2256
7047
8998
7144
8341
9273
8264
8372
4838
601
7265
7416
3294
249
4325
9512
6902
7431
239
5453
3001
3347
5415
4666
4082
8010
262
4028
8826
6093
2632
5207
1539
8828
6008
8845
9074
1049
6174
36
3342
4960
2828
6842
5374
3261
745
9669
5507
9540
3883
812
846
424
4823
7022
7787
3096
4385
7266
3698
7835
9370
8613
7995
6391
1436
1507
2417
2291
2489
8274
619
293
3539
316
787
6601
3305
2968
4173
6309
8468
8073
7393
9412
5455
4446
185
9035
2442
6127
1875
3188
2555
5635
9893
7958
4287
2864
8120
6340
9135
4532
1157
3074
5392
5763
4942
7960
6516
6141
9623
7912
3592
8520
2100
2978
2434
4805
7948
5384
7566
5449
9860
2277
9049
2412
4380
4215
7224
4871
3480
354
8727
9023
3703
7681
7890
2246
2979
2789
6689
1370
8251
7199
1060
637
7518
3054
8319
3994
9580
1041
4045
4161
8076
5117
603
4852
9769
3921
3815
7915
9342
8907
747
9674
4096
1830
6837
95
9714
6353
7963
1333
4307
5686
2610
2490
9162
8433
7946
7852
5126
4293
1518
922
4694
9109
1162
8493
1309
6552
3562
3410
3187
7107
8848
8638
6126
1273
1928
4091
6255
9834
2218
7832
8953
1078
6484
1788
163
2560
3041
7290
8909
4421
1717
6810
2686
9182
405
7228
6380
1894
5645
8870
4499
4067
8361
4457
5115
3933
5720
2184
3063
6883
3115
9618
264
4849
251
4360
9630
2204
6042
576
4588
8301
7317
5650
2054
6768
4660
9230
183
6441
969
3100
2397
364
1015
6461
9279
9617
4069
4194
7477
1950
138
2759
3303
2913
9121
6348
8471
8383
8090
3695
5548
9849
9252
6980
9239
5821
7086
5330
3809
6789
1202
5931
4892
4510
7931
5832
2509
3643
9464
4009
5137
1908
2676
4844
6858
5334
9407
679
1527
9865
6113
5307
8762
8691
8662
9857
3983
2762
4197
7900
423
1781
6377
4153
3189
8730
8726
5188
6746
9491
3238
6927
6154
3291
1299
7557
9070
1117
2561
5802
5799
2365
6397
8203
4651
3489
1684
2802
7545
2533
2106
307
9750
1988
5129
2990
9009
6415
2903
6723
8057
1407
8434
4424
2263
7345
1502
9343
470
2133
6957
5250
12
1872
8126
8918
1852
9440
9558
8407
8891
9427
3822
3010
6371
4024
7623
9871
4768
6766
3573
8853
1259
4125
7807
4972
9589
4747
1624
6537
8659
5358
5824
8903
9140
2338
9831
5191
5722
6662
3959
5151
5704
2766
5876
5445
8313
6114
2940
216
9948
2716
3130
4030
954
1637
1064
1690
3173
7573
2646
3355
5269
4409
6540
9405
7525
3430
7673
4372
6288
5688
7330
3109
6583
985
2966
9722
1220
5759
9317
1237
1655
9610
9119
4696
6843
82
2863
4659
2198
3605
119
684
1697
2845
560
3624
7061
7729
6975
4864
7461
3465
9720
3737
13
3564
6069
2294
9596
6820
652
8873
3296
2159
8087
6162
9810
1432
9014
4943
7689
8975
4181
9794
187
9939
8739
132
3086
1662
9689
5747
9573
5808
1021
4748
6028
575
5973
5067
4879
9029
2302
2987
6487
7087
4386
669
947
5598
8024
3316
4604
6841
9244
9493
6501
3500
5925
9855
3470
5300
903
6582
6146
6762
7088
4029
4320
8715
7750
9118
8895
3831
1802
6586
6207
5497
2193
6666
62
3704
9772
7922
4998
8152
1363
1349
4160
8088
6123
8924
4683
3350
1536
5661
1079
8180
7537
3363
3510
8855
3887
1329
2729
7285
3067
8572
5523
5503
1271
7848
770
154
8118
7328
8161
8616
9063
4829
6251
8550
2820
6458
7965
7349
3781
8912
1719
5241
7375
2576
3268
2432
7429
9039
7377
6795
7914
464
4854
6326
4912
7560
1521
9847
7905
8621
4485
6321
199
9791
8049
2500
2538
1224
5297
6623
7698
7129
5375
1980
8618
6753
7637
7281
5952
5980
8048
7650
1371
5629
5567
8276
9906
4679
4379
8230
2624
946
2997
3559
8780
3871
6266
8888
9449
1203
5231
766
6701
1381
4848
4765
1900
3325
374
785
2557
3275
8338
7334
3031
1166
9926
902
6067
6968
8767
1529
6742
1986
4749
4014
8461
9897
3426
6682
6970
8334
4146
7073
9410
741
849
3479
8255
771
1957
5993
272
7331
2363
8025
6079
2379
6056
5213
2028
605
8685
1581
6090
2501
7763
9629
9243
8987
4542
8944
2080
1262
8917
7572
5447
1767
5454
4164
9360
45
5798
3706
413
9627
7561
4483
7707
6299
2777
955
2180
1584
6196
2539
9422
5464
9173
8866
2264
195
3905
9756
2265
9806
1046
247
8193
6996
4310
9946
6938
7886
2238
360
3351
1405
5957
6852
2648
620
9413
5229
2301
324
8679
2626
4913
719
7423
4022
9615
4061
3681
5998
6547
5424
2916
1209
1118
5494
2917
3543
2121
5027
487
2395
1595
5368
7662
822
4947
7571
6693
8232
5945
6911
3190
7953
4614
9544
9528
1733
6480
6619
3588
1859
1126
5114
8190
5142
731
5077
8829
8583
617
5124
6796
2754
633
5385
8617
3664
6075
5508
5109
2757
9461
9146
5045
6378
4165
9275
8240
2305
999
9699
6129
2564
7137
6816
6750
398
1838
311
9047
3868
6428
5055
358
2015
5729
7203
738
9555
1003
4140
6226
5318
1718
4288
6414
4260
4323
3060
3379
2865
3512
9964
976
1644
6015
2660
1891
379
85
2728
6217
5222
6311
9992
2547
4298
8204
4134
7482
559
7680
298
9288
6022
5807
8207
9144
5103
1806
5163
3338
8420
9905
3112
4261
8982
5810
6979
4466
9164
4102
541
6411
9101
9411
8740
3689
8042
5262
9027
48
3146
7261
7042
6918
8322
6711
3344
9336
7642
2931
585
811
9497
4873
5236
505
7197
1945
6225
189
1568
823
1845
5550
7441
63
664
5634
17
5884
404
7816
6776
8254
4653
8658
4172
8702
1571
5571
5102
3811
8339
8502
9660
1151
1248
5022
8
397
2995
2335
8176
9376
915
6771
6450
9929
4037
547
7961
5830
5412
451
1362
5648
7355
5549
2673
9639
6347
2111
581
6367
7665
4218
373
2592
3251
4668
6724
2188
2172
9181
4423
1865
6728
6089
1519
8226
6692
4274
5223
9205
8508
3180
6992
9303
204
9804
2385
9687
109
6792
3152
7641
692
3535
4467
2664
6293
8823
9210
1450
4273
5367
9579
6633
3400
4168
5862
3628
3457
7182
3012
8078
700
5493
3752
6886
7733
1469
5099
213
7411
9037
6343
7095
7394
740
841
6443
3460
395
8560
5479
6359
6253
5074
2361
9702
3568
8159
8391
6086
1187
4578
5746
4113
389
2776
3801
5178
6037
2702
2155
7748
3444
7227
9377
198
2773
2427
9309
9327
9532
2831
3398
2190
7223
2241
9481
3557
8121
2293
1350
6264
1276
3823
6947
8041
1990
6519
4015
4092
3912
3794
5122
4727
899
8308
728
7446
4907
6600
7538
6579
4407
2989
8091
130
7262
3946
3746
1946
2388
6399
9262
5246
5320
5070
4725
3463
260
8653
7836
4035
2380
5360
166
5750
4699
6535
3908
3055
618
8756
6091
381
4677
6061
2394
3507
5757
173
7724
3113
9204
7706
3492
5988
8831
8063
3620
1971
8055
8914
5623
4297
5591
3570
3760
9062
3652
5564
7530
8709
6216
9147
2019
2880
5874
958
2078
4825
970
5352
4411
1682
7298
7897
3786
4016
7731
4895
7421
7964
362
7869
9832
3852
380
1632
7225
5756
4448
6585
4259
756
932
8558
9408
2046
5646
8183
4199
9382
3290
4999
268
2073
8559
5019
4404
7123
6578
7600
3158
2468
8337
3862
1448
6001
7244
6529
9371
7247
1917
7103
6871
8265
4688
1923
1208
6132
2884
6121
258
6223
1966
8336
9060
1464
8751
9251
7952
9227
3697
5157
2022
1601
3401
350
1703
8761
5437
4340
3330
1007
2433
4759
27
4278
2798
6934
1461
5970
9796
1659
4012
6991
6376
7498
1647
3221
1809
6794
3744
3397
4520
3521
3442
842
860
5003
3552
4475
6591
9280
9437
7424
8237
8285
7114
8395
5252
9766
9362
1497
1263
366
8524
708
6351
1182
8573
9759
8442
385
9384
9229
1660
6614
29
7606
2278
722
1696
52
4377
6830
5338
3940
7013
5812
8936
3149
9914
4590
3889
8769
2148
3613
9291
6869
6438
1020
4671
5177
3977
8310
1947
8016
6607
3644
9503
4818
8047
3926
7183
8182
7021
18
9406
8032
7677
7860
6345
3720
2850
3490
1524
3691
73
3121
79
430
6914
6954
2597
5877
1553
950
386
5783
8290
8516
1757
9788
2209
9852
8778
4576
9802
774
5800
9811
6482
744
3882
4886
6893
2571
5066
2196
1685
7412
2439
2438
732
8927
9007
9404
7106
7603
3402
7827
4571
5803
4366
7241
461
8851
4762
7300
2413
4152
3356
6895
4188
9874
1077
2179
8758
1000
1625
182
9996
8291
7390
9231
9040
5728
5393
4965
1837
4235
4763
8474
9271
7196
9364
4723
5087
1890
2266
283
6874
6542
9051
6078
2213
9311
548
9290
6714
6332
5482
6043
7985
3308
2214
6599
145
2441
6946
5669
9260
1742
1699
4458
6634
1391
2613
4567
6738
3485
6709
1511
6213
5480
1843
8575
4296
4205
6470
5649
9588
9941
2565
1036
8670
9641
1058
3981
6026
6133
234
8258
1113
7325
8666
3473
3193
7286
2873
5742
3660
4213
7778
1364
1141
8137
1295
1752
3274
6846
5217
1022
943
8517
2086
1716
5678
6556
5870
7939
1566
4247
6786
5819
6122
3508
819
8603
2239
6998
8147
2823
1483
8693
715
2707
1026
8833
4815
6939
1006
3272
8893
7052
7587
3314
9538
6128
4239
9008
1285
4048
535
2785
3804
7405
8925
847
8854
7938
9848
7512
1787
1801
4792
9614
2334
2343
6424
5676
2578
2044
9935
3608
4355
1965
8556
1851
5992
6821
9888
7508
6107
7064
5823
9124
1848
990
8875
4343
781
1311
21
318
8510
4949
2710
9925
1826
5633
9151
4175
9650
5913
6435
3851
8684
3900
3102
8574
2885
8838
8784
1488
8437
3491
2599
6147
148
1092
4202
8813
9059
6041
5681
2187
8150
6712
2621
444
4031
659
8816
440
1799
8981
5740
6850
4717
3091
7231
3917
6715
6558
9469
2752
2389
749
5738
5773
5530
1444
6508
417
7046
4333
689
3501
8963
5457
4958
7015
1603
1200
120
3420
9261
2510
6860
1651
8499
5186
1901
4831
4283
7932
1057
8323
7718
3530
3538
4504
4097
9767
2969
3996
7164
3973
8735
2391
8113
6325
7407
5021
5765
3250
5179
9637
6953
9845
103
9566
8244
7589
7127
6697
6916
6387
2938
9474
3850
6643
8211
9424
1171
5588
1085
9501
2608
431
4899
1885
3386
4311
8401
5272
5029
1974
4518
7185
4997
3783
6263
631
7383
1745
2012
8028
1508
3649
2122
7464
6765
502
6430
9472
4017
874
4811
6956
3370
5762
5581
5739
3841
941
8363
6900
3184
8293
321
8038
111
799
2768
7543
4157
7121
7734
3903
1355
8649
7389
2666
3679
8839
9072
1318
8744
1777
7776
6402
3299
6076
6130
3666
5144
5119
2730
420
1882
7711
8345
7695
1226
7472
4316
453
3125
8298
9199
2985
5265
4582
8929
2604
1165
7604
3993
5927
6930
1070
980
428
1557
3716
9416
3040
7536
6531
8412
2018
8387
1710
7206
482
4832
1987
6475
1661
9167
7907
7283
3684
3278
8067
7201
394
979
5274
4074
3701
7615
295
9709
8487
764
3661
2083
3276
3319
151
6635
9564
2485
9677
7204
1540
8608
2462
5540
2875
9381
9966
8733
9352
926
8628
6703
8329
5059
5315
2327
7870
9341
5671
31
3437
483
2929
9928
8403
898
2048
9949
98
2871
4937
7469
7440
9867
3270
3867
8305
5490
5436
8173
1548
106
6165
6551
9319
6905
7138
1671
2595
845
4908
1776
4980
9105
4890
7762
5733
3945
1579
6541
1577
4308
2435
4135
9535
501
5028
7755
493
4393
8414
2492
9077
6573
4625
3828
7476
2740
6827
545
2367
6179
9599
3484
6793
7599
817
6198
4610
5928
4788
3825
7982
1633
3145
59
6530
5697
5316
7859
2589
9869
9626
3604
1348
9436
4656
1093
678
2733
5960
6247
7621
4126
2399
1416
577
9459
1599
4471
4336
1730
3210
4975
8201
6194
1195
2215
561
2816
6511
1321
9308
1115
5292
7135
4402
3662
9417
8911
6442
5902
9228
8970
2887
7812
1029
8992
2570
7288
7683
2110
5314
410
9500
1062
9044
3617
7126
4388
7809
3287
5789
1873
96
2124
6867
850
7353
2085
7941
1284
484
6659
4406
2370
697
3122
9439
8532
1421
3396
827
7646
5054
2722
37
3724
2113
6355
674
4258
7505
5492
157
4938
6663
2625
8040
9156
9348
7944
1909
4954
9397
3615
9212
7588
9329
2976
5377
9922
9531
2115
5616
2709
9625
7293
4346
6135
654
6645
5554
6802
7973
4452
5745
3558
9764
4229
7728
1895
7048
4704
66
978
6777
8514
995
4587
857
6248
2652
8297
9177
7215
1746
4456
7747
3052
680
2528
6985
7240
7055
8467
2210
9180
3414
7396
9194
7110
6300
7901
4299
7881
3309
9681
8233
923
8623
5662
4702
6848
1630
8100
9154
1650
8852
3365
4104
8589
9166
1645
7445
9515
8221
9967
8128
6640
124
5279
9866
1919
4295
142
2953
9356
862
8007
3607
2176
6651
3549
108
4432
2342
7458
4289
9782
9598
2669
9067
241
739
1951
3637
276
7501
2804
5060
5695
5199
9784
3073
3869
2137
68
4484
9245
5423
9201
8805
8261
3741
3709
8592
6218
8214
4524
5301
6778
3263
9221
2800
7382
9215
1040
8596
223
7509
8796
9153
5016
1414
2023
777
1985
6456
3718
254
2697
2642
3506
6502
757
1897
2689
8698
9297
1626
7737
1343
4132
6310
6807
5489
7515
8669
2255
1460
9218
526
6948
5690
2043
7343
8178
4506
3464
952
7854
4209
8822
1415
3259
5428
9431
2205
5660
4797
2935
3787
5906
7057
2900
9324
621
2771
7014
4275
28
6534
9600
3641
3548
5734
8505
8144
7370
4936
4509
9878
8311
8737
9421
5618
4627
8448
7242
2889
543
6592
7720
6617
1149
6420
4737
1372
3062
4859
5038
6388
1194
3197
5526
5977
2684
6676
6307
8250
3517
814
2853
2275
6140
838
1084
2081
3348
4928
866
7462
3345
951
3956
1066
4781
9379
6859
7703
7625
9595
4843
7804
6433
8714
7956
5460
9460
7200
3630
9295
3881
8119
3127
755
924
9429
50
10000
2141
2098
964
571
4813
4828
907
5638
3953
6471
7076
8362
8819
5168
3904
4974
2165
9498
9220
8445
2791
2443
5486
9292
2763
5863
4220
6440
7035
7996
4705
3982
9226
78
9024
7889
7567
8282
1410
2066
7772
3451
2672
6208
6386
3015
7957
3265
4503
5438
8530
1989
6748
3635
110
7034
6451
6261
5651
5573
886
8536
2862
3119
2045
7590
613
754
9418
1279
9435
3353
2793
9592
8074
1137
4922
1426
3907
8862
6316
8811
2495
9696
4992
7032
5679
5838
1549
3175
3990
6182
8678
3750
6621
5614
2961
3759
9813
6054
9735
6017
9298
1130
1196
7694
7966
4479
1055
5219
3419
8331
7280
4810
829
4391
8686
1763
4967
2082
5919
6739
9743
1219
5705
5362
6500
2321
6528
5565
2103
9513
1334
1231
2322
2336
5850
164
8421
3773
1454
6733
2477
3885
296
1086
6672
7141
9054
3857
3095
9963
9190
9761
1627
2040
6065
4362
7520
5173
3645
2281
5826
237
3563
1794
3668
1999
2118
3018
1345
5243
9253
4593
8416
3317
2507
5181
3454
1394
8368
8015
1048
1604
1709
9163
5955
5761
9233
5603
2956
4040
7693
8884
1676
9453
326
9851
5230
6153
4357
6256
2996
8949
3181
5043
4891
391
919
8011
7059
5192
1849
1246
7004
1610
7805
6200
1759
9616
2274
7981
7305
6425
4226
9970
5387
2998
1998
2250
1339
8673
527
4332
540
6097
4698
4964
6510
1701
4678
6898
6950
3416
2649
8268
7725
2829
2614
3279
6278
2982
4099
7368
1338
5677
2455
1347
651
422
6160
7045
9312
2504
8687
1934
9737
6989
5971
5981
7075
9141
2475
2171
563
2805
4527
2520
310
2104
1509
5008
4780
7125
5363
7211
8094
1344
4847
6259
6408
4001
6412
506
8615
9256
5220
767
7104
9036
6636
8643
1741
3497
5295
1791
7490
8462
197
8964
3322
11
468
7400
4007
2313
9876
4851
3262
6372
3732
8731
1011
153
644
1538
8799
4253
2517
1714
8109
4416
8760
4232
3058
2114
683
5888
3837
4451
8198
6784
7069
4531
7374
8086
3216
8326
7070
5121
407
6282
1785
5694
6124
1250
1611
432
3546
2965
6137
8952
9015
1222
4530
1360
7542
8033
3671
5541
3685
6156
1121
9078
1591
717
8410
165
6286
1400
3696
2854
5471
1915
7620
8210
7304
4511
3845
1075
3894
1401
495
5944
5304
7111
7844
1142
4390
8151
9211
9554
2774
9392
9923
992
5851
1532
4121
937
681
2724
408
515
9666
3505
9590
3556
7253
8932
8380
8707
5735
1754
8633
441
8136
3609
1976
7284
8665
2640
9907
378
9704
3300
8065
9795
3992
9134
6269
5353
7739
131
9203
2892
5477
7091
8660
8681
574
3942
763
5472
7235
8104
5716
6891
7
6289
7522
9294
7503
9196
158
261
5440
3941
5390
6604
1380
8003
513
1941
2025
5885
6993
1238
9880
6370
6364
3411
6688
8192
7207
6138
7192
8154
580
3089
4869
6476
2324
9904
3793
7116
7403
8771
6265
9707
2799
3632
597
9807
2364
3025
6593
4145
3088
4143
2332
2756
1898
3824
8170
2087
5950
9634
8066
2474
5805
3246
3976
8600
4670
9149
7267
5323
2937
5431
1357
3427
4216
9936
3218
536
368
2638
1277
8913
9990
8141
836
5737
5536
6817
5270
8535
1008
8671
7195
5319
9917
3452
233
7726
6341
2618
4270
9742
5639
8243
8439
9514
1313
9738
5596
2901
7643
9777
9900
7636
1720
4874
957
5170
8945
5845
8626
5908
7619
7898
3223
6652
9321
939
4123
3267
4853
1375
3610
7945
1234
6735
962
4196
7173
7655
2781
1230
2042
4910
6828
3496
3947
3595
9613
1451
4631
2314
8667
6467
332
2203
927
6782
1185
8824
6050
2231
4412
5776
8786
8280
4634
4802
1883
7894
1457
710
5072
2928
2463
9898
8861
2419
3362
9272
5822
9551
4004
4267
1572
2325
4129
5212
5856
4512
7356
8101
8582
7363
9697
7179
4285
256
4186
9959
5559
9703
7765
3616
748
1542
1500
8720
4033
5155
7586
2986
2971
9155
9751
9255
3663
1296
6273
7682
3714
7132
1270
8956
2590
7372
9758
1556
4154
9353
1307
7480
2890
5749
3719
1736
6333
3736
5708
7633
2973
5833
9103
221
5164
212
1051
1470
5578
3767
5500
3581
6489
4301
2714
1268
9691
5615
3584
5504
2260
2006
6520
1711
9983
4514
837
1523
6260
1486
9019
7252
8551
9197
8645
9150
6324
6833
5553
224
6446
8790
4560
2050
5095
1310
5951
5946
4443
5324
2464
9094
7671
88
6222
6063
1068
5631
1846
1175
714
6472
3443
8644
3650
200
2577
5086
746
8672
2567
8500
4392
1973
773
7220
7373
4019
9442
5510
6870
4957
8663
8783
3434
6262
1564
5579
7153
5048
1492
9757
9020
3214
4572
4429
3248
2749
219
8056
8242
7609
6831
5420
1810
4100
7274
2832
7495
917
2809
7348
6955
1148
523
1573
8742
3163
10
1485
8197
6098
7418
4857
8052
4383
6705
8812
3161
2047
3340
973
6416
2244
6236
9095
1045
6444
9525
3368
8631
5831
9920
7409
3498
2914
988
370
3553
3423
4981
2899
6521
4085
5379
905
7044
8585
6053
4952
3756
3192
8830
8194
6595
5809
9216
894
1541
8859
6596
1641
6398
6509
8169
4955
7168
623
4480
6178
2295
1261
7170
701
4367
3468
2356
8545
6984
9719
3753
5351
2852
2572
7291
1748
626
6118
3631
2476
6419
1903
8484
8473
2848
7735
5965
5590
7902
1698
4641
7744
349
9195
8711
4693
1431
4237
4643
6082
1430
8993
762
6754
126
8108
4729
9682
8004
4979
4234
6320
9305
5084
3865
4800
2160
6557
3915
2249
7384
3132
7546
1820
2331
7607
3621
412
2769
2888
8231
4159
129
3499
4223
159
3855
2876
573
2221
6785
3301
1199
5470
5539
1585
5718
9879
4371
8223
2352
7277
6731
7705
7018
8294
4450
6392
6654
8844
9572
5409
9918
1232
975
698
5726
7439
2695
8060
9287
4200
809
5184
6959
8330
4764
3715
3782
8718
3600
2330
1094
9188
485
3784
3928
1804
2392
8235
7768
9099
7855
3064
2093
3788
662
8123
532
9420
3107
5311
5111
5405
6103
6575
5281
4976
192
4598
5397
4150
7322
8227
2008
8766
557
6836
3589
5516
3966
3582
6892
4875
1468
9895
9872
7510
3598
1841
2861
8179
3008
8729
2600
5161
2254
5949
1125
595
6191
7198
1631
1214
4122
5713
8115
8316
8158
4682
3077
8814
5736
5023
5754
7249
9550
6214
7887
5394
266
7336
5287
6885
69
8390
8234
186
6036
7077
690
815
2715
3648
8634
3834
2206
1024
1561
3771
8789
1679
8864
2156
115
5361
7289
365
5958
6791
9200
948
5105
2223
9781
6449
133
5025
8453
8241
7029
5466
9884
650
4212
7791
2119
6538
7649
2542
503
9899
323
3369
4210
6073
4463
5215
8145
2792
1911
6439
3172
1628
42
3927
9283
2440
938
179
5895
2950
3667
5828
4577
9450
7821
4579
3066
5630
1954
1082
5612
8872
3675
4701
1411
4771
2932
4526
1319
2732
9061
508
6865
5524
855
5901
8466
3083
8930
790
549
9740
7704
4021
6587
5125
418
2794
3292
2856
1979
2840
4517
89
6066
367
5719
4044
4052
5255
3932
3513
1605
1876
8162
3239
5683
6095
7243
2348
122
3751
2242
1737
8212
7376
8916
5283
9232
7799
9112
279
1949
9082
4934
5551
7350
7578
7117
4178
2584
9471
2035
1315
2639
1528
1856
24
4477
5354
3721
3387
9289
611
5979
7702
1961
8869
4861
2298
598
4292
3653
593
7788
6818
8365
141
3888
3836
2484
8890
6630
3
5947
7853
7876
9475
761
735
2009
4088
1663
5911
5560
6506
5696
6844
6313
7754
8637
4615
2708
9238
8807
3922
8504
8325
8746
622
1005
7435
3585
4269
4486
579
5011
3829
8386
1623
7899
1190
1933
2139
5195
309
1924
7019
5744
3366
4547
9947
1043
25
9937
2867
3818
6854
9749
3930
3776
2132
9050
3878
6756
4662
2147
7152
4924
5418
8882
8579
5210
3774
2844
8292
5380
7544
7189
4718
5619
9157
5620
6453
1944
7320
4968
5725
9502
9858
2451
449
3761
3082
7475
263
3435
6023
3735
6193
5056
4856
7391
340
6964
8382
6598
8273
6119
5795
5088
4798
1132
2679
8886
8497
4971
8503
6242
9278
6616
9414
9829
8706
9732
1164
1153
8318
3061
1544
9875
4041
8664
1235
7660
7011
7800
8619
2084
4384
6431
8521
7556
2063
5193
1869
4684
7033
3514
3789
7967
64
3920
7438
2881
6233
3017
3230
1216
3842
4420
5461
1373
5006
7814
4369
4051
458
813
7093
6011
4356
5652
3547
9587
4300
1443
7839
252
4870
7797
7026
8745
6185
3331
9509
8976
6155
3832
608
3516
6747
831
5139
2988
2992
2945
5073
5242
2594
6305
7925
3567
3154
8482
1088
8093
2447
6561
302
881
3446
6679
8999
4592
2014
3385
7979
1189
9731
2765
6720
1409
7151
9546
9974
7773
281
220
1516
2248
848
1386
2345
8978
1555
2097
7089
5940
1487
5743
1138
7278
5937
2693
8865
4507
6845
9584
7120
4575
2240
1747
352
1016
1076
7738
2072
592
7386
7497
8902
530
8404
5053
8955
6961
6994
7529
3053
8650
2630
5286
2824
494
9328
7311
9688
1552
4978
53
9801
5057
356
7340
101
4497
9979
9724
3622
6999
6245
4444
9635
5395
1186
5959
1014
455
8185
3873
4568
3424
5597
1445
7124
7663
3487
9359
1864
8023
7263
6523
2827
3901
498
3519
9981
1958
3590
2243
8703
3215
8880
4090
8164
6016
2230
1853
6960
6737
5350
2569
6074
2723
3336
9965
9901
5525
4775
5601
2216
1831
8641
9137
1156
5600
6049
6009
5273
6125
4417
7258
7627
2052
7408
9553
2459
3951
2125
8523
2883
9654
8352
8062
1009
3601
5748
3897
5853
5308
6007
1408
7654
7685
1822
6967
9711
7239
9942
3963
4707
3231
3234
904
9340
3364
6385
8701
6186
9254
7043
5522
553
2522
9367
8475
421
9022
2299
5854
9314
6120
7337
5152
5711
2960
2140
7008
7534
7496
6322
1396
271
1260
5356
5868
916
7856
4801
7513
1342
4708
6202
5069
8124
5169
87
949
4003
257
8075
9520
9819
8587
4548
1484
2643
7563
1642
8367
3991
2511
8446
8489
5528
1035
6024
3035
858
4075
531
3968
8598
5444
5547
4630
2261
6594
6373
1649
9545
8389
7986
1729
167
3374
6205
7632
6811
9933
5042
3797
6404
353
7524
4382
3596
6889
6224
5792
8498
5079
8216
1489
9097
4863
7058
5216
6302
8283
8699
4163
6648
8236
5211
8275
5784
6740
2245
1892
1702
5237
1582
9960
5050
9908
713
1367
5463
6099
7577
7903
2279
5767
7817
1563
8307
2039
8005
8725
7911
9032
8219
146
9465
4328
7598
450
816
6803
22
6215
2930
2217
282
3849
1786
3406
5378
7307
4916
8908
9642
2556
6492
4882
7449
9662
3159
2005
8610
2811
2993
3142
7209
2076
696
9055
3177
9548
6060
1293
912
6092
1515
5034
8904
4426
4594
7866
2252
983
2130
5456
6031
4609
7437
5924
8754
7846
1305
8939
2390
8249
8199
5484
1559
7977
7647
1678
1948
4201
5990
1269
4381
6868
160
2162
8257
8252
4584
387
9577
4914
3955
9452
5096
8770
390
5932
1504
688
8002
9912
8388
632
4713
9031
6032
8111
2872
4244
4711
7841
4305
900
7989
2790
5496
3980
4103
2309
3916
2483
4217
2532
3343
5450
7302
5218
9369
2524
4770
1860
4098
9433
8765
2152
1688
1441
4529
359
4566
93
1847
643
7874
2734
9064
9268
2657
8996
8787
4619
9326
3034
725
6172
403
5113
180
5407
2494
3408
6925
7000
1850
7404
5061
6767
9712
3550
1862
808
6809
3293
4400
3252
6879
9645
2725
4515
4080
1447
2519
702
6117
97
8689
2191
8131
4327
3288
6197
5441
4002
1395
9286
6055
6219
3791
8435
5766
3998
2425
8802
8044
41
4569
8642
427
1163
4264
1766
9123
640
9976
1438
8295
6690
6464
9608
3412
1707
2553
7332
4147
1533
6381
2065
8772
616
8971
3795
3533
6545
1815
8450
2237
7777
7341
6526
5880
780
2810
9985
9827
6812
4312
3886
2619
2469
7273
7074
6291
140
2545
7978
3997
4544
9999
7448
5204
3892
6448
4950
1963
1242
6637
7494
9984
7820
1297
4982
7969
6238
7301
1053
2453
7122
5642
783
1356
4985
7801
6610
3381
336
2521
7769
7568
7758
143
7218
2818
1393
174
6971
3084
4268
2923
4111
7993
9744
3376
5834
5347
2112
8806
753
4760
7314
1743
7709
6104
6855
7700
2925
3224
2339
4809
4027
9951
2717
92
3529
986
7415
6201
3614
2701
2304
6329
1836
6246
5829
76
2897
1467
7657
9175
2307
7828
5052
7362
9717
7433
9803
9168
7767
9809
8768
2744
3310
8779
7919
6657
4739
4533
5403
8043
214
7516
6627
7078
8568
8543
6143
7491
7297
1674
4898
4374
9844
9815
6764
542
8966
801
1982
1724
638
3307
2099
5582
7825
1172
5290
9066
5714
7987
918
5143
3469
2620
9676
7136
8677
883
9120
4059
572
1177
4789
885
6544
1087
953
7949
5104
2368
6813
5636
8146
7149
1708
1510
8102
1435
1465
6334
5398
9656
5912
6533
3844
9127
4573
7980
4793
9388
7829
3524
6100
3277
8460
2430
1622
4246
3229
8594
1972
4447
161
2902
5985
4128
4482
537
6966
384
3105
8552
4783
1773
9028
9330
2273
4364
5426
9601
733
5128
7430
6588
6622
2579
7630
5668
383
6933
3755
6171
9038
2653
4493
2182
1365
7885
3140
7770
9307
4142
8683
9145
5443
83
9046
3962
734
6168
1981
7457
6181
9877
9098
2401
3792
1953
8218
9347
2915
9458
628
1278
6283
6144
1808
1032
8910
6691
5141
8792
9950
7526
454
4112
3021
7067
5488
7651
2911
5969
6052
5954
8697
7187
4639
7339
3766
5936
8578
9716
5249
8721
3249
6524
5288
9257
6751
8376
584
1056
3972
3725
205
9830
3341
8883
1274
3743
2859
6580
6077
3511
7559
8696
6940
2739
5608
8455
7020
6525
7012
7131
7101
2211
7806
5558
6491
1292
492
3315
3847
9593
3879
5473
9715
4675
4755
2381
9921
6670
9300
1796
6389
997
6170
3179
9346
7697
6394
670
6284
8533
4034
8607
2070
7837
2016
9683
5233
3838
9434
2647
1816
2429
2232
4990
3120
331
9846
361
476
436
8639
4878
9441
8571
8937
9374
1369
666
6013
5399
6038
1476
5196
8868
4065
1793
5710
642
8464
2967
3688
1404
8948
8374
3843
3024
5391
3545
1620
4495
6532
8408
1102
4819
4726
8278
7219
558
2404
9389
5337
6136
123
6109
6403
634
3924
9339
8195
6014
5760
6734
7594
1280
2183
5248
7679
2300
1672
6303
6483
8479
8171
7329
70
8430
6010
3201
4876
1030
7580
4071
5024
9705
6051
8398
3032
724
5546
2886
5221
524
5712
6788
2486
7175
7169
7955
8734
2149
5723
677
8031
2471
4685
4638
4751
9266
5158
9561
7764
3206
1827
1700
1095
5698
1266
993
4105
6192
9736
4488
8605
3167
2034
3785
7793
4401
7148
8112
8680
9668
8724
7063
6849
265
9171
4963
942
9161
290
3431
3593
1059
7143
6277
5727
9496
4376
6418
5543
5552
870
4850
3796
5859
2860
9989
6700
6713
3708
1960
467
3674
1995
3670
4137
7037
7674
7351
6342
1159
3810
5922
9267
660
4563
803
8614
821
3950
7205
5663
7085
5434
8797
2178
1403
2682
5260
8027
1252
4917
5847
9686
7527
5134
3518
6323
3808
