CodeIQ（コードアイキュー）
本当にできる人は、見逃されない
PRODUCED BY RECRUIT
hotcake_box	hotcake_box		7
挑戦完了
テスト入力値	得られた出力値	実行速度	正誤
5 2000
1500 800
1000 600
800 400
1000 700
300 200
1200
00.0秒	○ 正解
5 1700
680 650
1320 1330
500 480
1330 1250
570 610
1730
00.0秒	○ 正解
10 4745
1318 1331
1399 1371
837 811
855 889
1464 1566
584 595
1490 1341
1109 1175
1333 1306
564 592
4610
00.0秒	○ 正解
30 15555
1307 1333
970 1008
921 884
583 629
1402 1486
1173 1173
1069 1026
1024 1075
1060 1091
1142 1050
1299 1376
616 579
1182 1146
1181 1216
627 614
1203 1166
676 730
780 764
769 830
1201 1201
1454 1439
1310 1283
728 669
727 719
1220 1268
1063 1126
1156 1075
1362 1239
769 807
1098 1076
ソースコード実行中に、タイムリミット（1秒）を超えたため実行を中断しました。
40 11900
1203 1106
620 582
1492 1626
984 1003
932 838
1300 1417
1367 1367
1028 1007
1499 1499
941 903
1077 969
741 770
823 814
1273 1349
572 577
971 912
1056 1151
775 837
1097 1129
502 486
1483 1601
1138 1217
675 675
884 857
1391 1418
764 825
1440 1396
522 490
1408 1464
527 511
1486 1500
1490 1430
1188 1152
952 913
836 752
1365 1228
1465 1508
1310 1192
681 640
571 610
40 31020
751 675
1003 1063
1706 1706
1877 1839
1003 1033
1291 1329
1315 1367
1920 1785
1580 1548
1693 1676
1864 1975
684 670
785 808
1120 1164
774 781
1555 1477
719 719
750 697
1603 1442
1294 1164
1123 1100
1767 1908
787 731
1192 1072
1937 1937
999 1038
1084 1116
1165 1165
1865 1976
1843 1990
1285 1297
694 749
987 888
1141 1163
1827 1699
826 784
1731 1592
1135 1203
914 840
1418 1276
トップページに戻る

ページ上部へ
公式Facebookページ
公式Twitterアカウント
CodeIQ
CodeIQ MAGAZINE
Read CodeIQ on RSS
CodeIQとは
CodeIQ（コードアイキュー）とは、ITエンジニアが自分のスキルをチェックし、スキルにマッチした企業からのスカウトを受け取ることができるサービスです。
CodeIQご利用にあたって
エンジニアからの問題一覧
企業スカウト付き問題一覧
利用規約
プライバシーポリシー
お問い合わせ
よくあるご質問
スカウト実績企業例
関連サイト
リクナビNEXT
リクナビNEXT ITキャリア
リクナビNEXT Tech総研
ATND
 リクルート
(C) Recruit Career Co.,Ltd.
リクルートグループサイトへ
