716
921
926
394
542
6
783
8
375
497
588
12
836
638
15
16
844
18
19
178
894
22
740
285
262
838
586
267
312
832
841
32
381
34
35
36
374
754
376
437
856
384
343
44
45
694
139
73
751
379
147
52
949
166
55
867
57
58
59
60
299
62
63
742
997
828
66
679
69
70
71
324
908
831
75
620
500
263
79
848
347
659
829
49
356
9
87
959
89
90
64
228
221
308
965
425
708
584
945
306
619
645
103
104
56
106
858
734
14
110
944
112
237
224
115
98
142
118
982
380
316
672
157
559
880
26
724
128
129
652
605
789
942
134
583
259
137
138
101
552
994
131
705
396
27
849
455
526
149
818
916
371
517
154
801
13
473
738
636
504
161
162
163
572
474
330
903
225
885
170
294
597
173
252
439
176
177
571
179
923
808
366
333
722
185
706
946
92
189
649
281
192
193
346
43
25
197
424
494
924
579
868
203
204
888
287
207
446
878
210
211
550
471
214
533
216
2
218
91
834
601
483
840
296
74
226
733
158
229
230
290
612
233
662
235
236
286
805
411
175
246
895
268
337
749
77
434
567
249
250
766
545
253
647
404
479
759
258
383
873
618
407
323
892
362
266
423
748
548
563
447
86
505
274
275
610
277
817
292
342
132
282
283
820
340
462
520
83
606
97
779
663
293
689
913
651
291
245
338
855
465
889
251
304
4
100
893
591
40
241
752
271
331
472
315
671
81
732
319
929
321
667
952
153
428
326
327
196
20
565
313
332
181
279
335
440
47
482
339
809
884
781
469
629
452
183
664
348
414
390
212
352
143
877
355
85
155
564
865
360
361
370
363
364
365
990
970
979
904
265
152
882
580
208
986
821
703
585
637
762
594
723
159
255
199
386
617
388
389
247
391
392
21
842
156
421
720
398
399
400
467
402
171
123
405
650
328
932
168
53
810
599
813
150
835
54
174
107
570
420
39
422
609
631
182
135
573
61
790
463
891
432
787
857
977
607
309
232
674
201
220
393
72
96
307
254
682
448
449
194
451
88
621
881
51
758
931
458
325
509
963
788
561
464
521
466
401
468
918
148
67
642
475
644
874
604
822
746
616
341
117
403
441
677
879
486
302
417
489
490
303
492
242
951
495
496
301
215
681
653
501
502
318
387
529
506
633
508
243
478
28
512
936
514
515
516
46
518
172
231
603
413
523
560
377
209
527
528
105
797
531
206
755
50
630
983
947
538
368
540
902
556
109
678
925
546
547
119
427
298
551
457
553
554
765
5
750
558
124
710
239
562
688
927
639
668
276
568
569
382
886
871
737
826
575
576
577
578
415
257
198
943
10
344
919
311
587
114
589
590
317
592
593
624
595
11
972
598
731
108
778
602
969
354
31
295
993
272
760
905
611
657
613
614
608
310
345
261
184
145
453
756
410
825
625
626
264
30
280
698
493
632
507
536
860
82
270
314
1000
850
334
991
353
862
777
646
442
200
725
978
284
130
164
654
655
656
146
658
456
23
776
996
93
744
869
666
574
126
864
764
707
714
673
534
205
140
484
372
964
17
499
934
683
596
685
803
687
38
42
41
691
95
412
786
695
566
697
665
699
700
701
702
525
535
33
544
378
532
709
141
409
770
713
641
715
1
717
718
938
397
721
911
549
127
433
248
984
728
729
730
227
503
418
191
735
736
843
219
739
763
741
419
743
953
819
459
747
745
329
686
84
930
94
628
704
349
757
416
975
222
761
555
660
974
99
491
767
901
769
712
768
772
557
774
775
661
669
289
917
780
962
782
852
784
785
537
444
920
190
460
791
792
793
896
795
815
530
798
799
800
615
719
773
696
269
454
807
37
24
436
811
305
322
814
796
816
278
180
435
438
887
477
823
498
350
600
827
213
912
830
711
3
833
511
336
395
837
999
839
627
113
485
622
195
431
846
847
80
812
684
851
240
853
854
794
998
845
385
102
244
543
68
863
980
357
866
78
160
429
870
524
872
288
217
875
876
29
635
522
165
116
487
883
186
169
958
680
675
513
202
623
450
445
806
443
144
358
898
899
260
359
369
167
256
726
634
907
692
910
136
188
234
804
914
915
151
297
48
7
861
581
922
900
957
890
771
519
928
480
989
541
941
933
125
935
406
937
802
76
133
470
122
300
643
859
187
985
948
223
950
693
670
676
954
430
976
648
488
690
960
961
824
461
727
111
966
967
968
582
367
971
510
973
909
320
476
939
121
539
408
981
238
753
640
273
351
987
988
120
426
906
992
955
481
995
956
65
373
940
897
