3438
4281
2060
7359
6341
669
7
1421
9649
10
11
9564
4120
14
5394
5758
2266
4872
19
20
2652
22
6018
2442
25
26
27
9385
1819
30
8766
32
3679
34
2126
36
9357
4501
39
416
41
42
5570
44
2482
1838
8612
8308
49
6525
7291
52
53
54
9943
1802
7295
58
8292
2308
7901
62
813
9205
65
66
4399
2338
69
1937
71
72
7232
74
3900
8583
7384
4456
6368
80
81
82
83
84
85
86
8764
9880
3937
90
3656
8985
1395
94
95
502
6692
1309
9927
9408
101
102
8655
8129
4823
3326
3913
108
109
4455
111
112
4856
5438
4036
116
5348
118
119
120
160
3199
123
7949
125
781
2180
128
9585
130
131
5743
133
134
135
136
7834
5745
2545
9464
4308
142
143
144
145
7470
626
148
149
2427
151
8570
153
154
6233
3982
157
158
159
121
3001
4413
163
164
165
4152
167
168
169
170
9828
172
2611
9926
175
176
177
529
5848
180
9248
397
3469
184
185
4573
187
188
189
190
399
2061
193
5723
195
196
197
198
3734
200
7521
5439
203
2537
1510
206
207
208
209
7442
211
7402
6381
214
5388
216
217
9160
9912
220
221
481
223
224
225
226
1918
228
229
230
6223
6038
233
234
235
236
2981
238
239
8681
241
2403
243
6313
245
7561
247
248
249
2985
68
252
253
254
3586
256
5445
5593
259
260
5531
262
996
4305
265
8216
267
268
3520
600
5824
272
7276
274
3357
7830
277
7121
279
818
783
817
283
2706
2105
2358
139
9869
289
4388
291
292
293
294
295
1770
297
298
299
300
9281
6929
303
5131
6320
10000
8385
308
7709
310
311
312
313
2855
1935
6188
317
318
319
320
321
2012
323
324
325
8278
9093
328
1314
3043
6493
680
333
3040
1497
336
2685
338
1668
9362
341
342
6741
6516
7848
5836
9577
348
349
2137
351
8675
8344
6622
6250
8919
504
358
359
360
361
362
363
3738
365
366
7319
3897
369
370
9978
7604
8134
4058
7014
376
5516
378
379
380
381
382
1616
1532
9104
9975
2154
388
389
7369
3916
392
8273
748
2148
6567
9805
2186
191
346
5549
402
403
404
405
937
407
9719
4919
6564
1531
1337
9467
8366
415
7986
417
418
419
6319
421
3791
6537
2058
425
426
427
428
373
3355
431
432
4869
434
8413
436
2883
8053
439
440
9729
278
5373
444
445
446
9122
448
4557
5242
29
452
453
454
8815
456
457
5417
459
460
461
494
1322
464
465
1938
467
468
3921
470
471
2202
473
474
475
476
6980
3348
479
4335
222
482
483
484
485
486
7992
488
1983
6212
491
492
4396
6930
495
5532
497
6582
6647
6897
501
3573
7259
1105
4544
355
507
508
3810
7131
5414
512
7691
514
515
5672
4422
2916
519
520
521
522
523
524
525
526
7647
4661
7113
530
531
532
3530
534
535
6358
537
538
7802
8609
3601
542
2020
2696
8725
546
547
6585
549
550
551
552
553
554
555
8667
8297
558
4135
560
561
1115
563
1090
3669
566
2918
568
4990
570
571
3526
573
574
2439
576
577
578
579
580
581
582
583
584
585
6187
5991
8331
589
8750
8193
592
7444
594
2452
596
597
598
9984
6485
601
4811
1580
8372
4211
6502
607
608
609
610
611
612
3857
614
615
616
767
618
9771
7713
621
6323
2821
4103
625
3939
627
1073
629
6077
631
6557
633
634
330
636
637
3973
1868
640
2906
642
6055
644
5912
4189
5701
648
649
7075
651
652
653
654
5075
656
4034
5880
659
660
9050
662
9433
7162
665
5693
9666
668
8558
670
8595
672
673
3974
675
4855
9847
678
679
5245
2457
682
956
6112
986
686
687
5893
6248
690
1070
2540
693
3332
695
9329
697
698
7428
700
701
702
6850
704
5356
706
707
1923
709
710
711
3877
3659
8666
715
716
9145
718
1282
6494
721
722
9125
724
725
726
8870
728
729
730
5652
7712
733
371
735
2697
232
738
9059
7632
6873
742
115
744
5969
746
9068
3146
749
750
751
752
2164
754
755
756
757
758
2432
760
761
5083
763
764
511
766
8909
768
769
2948
1702
5132
773
7307
3684
776
8030
778
779
780
126
2825
727
784
1417
786
787
6990
789
5839
536
792
6583
4252
795
796
2183
798
8291
800
801
4782
6915
889
805
1436
807
808
8465
6224
811
2810
7060
814
815
3906
1450
280
819
820
7410
822
775
9065
825
6944
827
828
829
830
2807
832
833
5791
6196
836
8474
2394
839
840
823
7806
1784
844
845
846
847
848
849
7648
851
9402
9399
854
855
856
857
858
9754
860
861
862
863
864
1704
866
867
868
869
870
871
872
873
1377
3024
129
877
878
879
2764
9284
1665
883
4296
885
2245
1014
888
804
890
7042
892
893
894
7416
896
897
898
8149
900
901
902
903
904
3585
6828
1744
2407
9539
2599
2211
912
567
914
915
916
1533
918
919
2088
921
922
307
924
9137
3235
9225
928
929
1781
931
5997
6149
934
935
7289
107
938
7724
8226
2639
942
943
7344
3513
8306
5016
2309
1869
950
951
952
6530
954
6252
683
4879
958
959
9183
9259
962
963
964
7354
6718
967
968
6239
6048
2419
972
973
974
975
5690
9535
978
8620
9806
981
8906
3222
984
985
4781
3959
988
989
8880
991
992
9575
6655
4647
2712
997
5202
999
1000
1001
1002
9646
1004
1005
1006
4327
1008
1009
1010
8515
7838
7101
887
8790
4005
7569
9608
2920
1020
1021
5319
1023
1024
1025
2842
1027
3281
5919
5295
1031
1032
6001
3169
5566
1036
1037
5290
1924
1040
1041
8143
5481
1044
7581
1046
1047
1048
1049
1050
7684
3887
2319
2888
1055
4590
545
1058
1059
8611
5094
3824
1063
1064
3079
1066
1067
6681
1069
691
1071
1072
7207
1074
6821
1076
4588
2999
5913
1080
1081
1082
3797
372
1085
9632
5406
1088
9875
4693
1091
1092
8771
1094
8897
1096
1097
1098
1099
1100
1101
8778
1103
1104
1203
3778
1107
6053
1109
6328
1111
1465
1113
1114
1926
2490
2269
1118
1119
9372
1121
2993
2114
1124
1125
1126
1323
2359
1129
1130
1131
1132
2032
6465
384
8693
1137
4516
1259
1140
1141
1142
60
1144
156
1146
2585
1148
5608
1216
7032
1152
1153
4533
850
1156
9844
1158
6271
2131
1161
1162
7016
2700
1165
3813
2045
5983
1169
1170
4227
1172
705
1174
9092
8739
1177
2187
1179
1180
5507
1182
908
1184
2181
6207
8201
1188
2575
1190
1191
1192
1193
4465
1195
8183
2879
1549
4563
1986
1201
7156
357
3545
824
124
1207
1208
1209
7500
2702
1212
1213
1214
4172
1150
1217
1218
1219
3844
1221
1222
1223
1224
9141
1226
982
8621
9079
1230
1133
3102
7792
1234
5722
1236
1237
6509
1239
1240
2241
1242
1243
77
1245
4134
7683
4982
1249
1250
1251
9406
6942
7086
1255
1429
8454
2033
1139
9240
8741
1262
1609
1264
7395
1266
1267
1268
1269
4495
8632
1272
1273
1274
1275
8229
7920
1278
1279
1280
1281
1418
1283
7794
7020
4624
4735
1288
2228
2302
1291
5589
2363
1294
1295
4503
1297
1298
1299
3216
1301
1302
1303
1304
1305
1306
1307
9046
7230
8104
1311
1312
1313
1517
9506
146
3672
1318
1319
1320
1321
463
6413
1324
3374
1326
1327
1328
1329
1330
1331
9743
1333
7930
1335
1336
412
8264
1339
1340
1341
1342
1343
1344
1345
1346
1347
1348
2373
9501
2462
1352
9363
1354
1355
3237
7420
1358
8452
2096
1361
5090
1363
1364
1365
1366
8502
5827
1369
7035
1371
356
1373
1374
5085
1376
874
8991
1
4091
6744
8874
1383
1384
1385
1386
1387
1388
1389
9640
623
9000
1393
1394
93
9909
1397
1398
1399
1400
9676
1402
487
1404
1405
1406
7947
1408
4972
1410
1411
5164
1413
7590
9862
1416
1855
6359
1419
1420
4009
1422
1423
1424
3523
1426
1978
1428
3480
9554
1431
509
1433
2296
1435
1605
5953
1438
1439
1440
1441
56
7280
7174
1445
3116
2771
1448
1449
3226
1451
1452
1453
9190
3183
1456
4481
1458
4790
1460
9630
1462
1463
4779
1112
1466
1467
8995
1469
2294
1471
1472
1473
3653
1475
1476
343
9142
1479
1743
628
791
1227
1484
1742
7775
1487
2479
1489
1490
1491
1492
9555
1494
1495
1496
1261
1498
7124
7643
1860
9701
7527
3592
9211
1506
1507
1508
1509
7049
1511
1961
1513
7611
1515
1516
329
7364
1519
5578
8442
1522
1523
1524
1525
1526
8214
4810
886
2489
411
1135
917
2891
5006
1536
5141
6462
8261
1540
1541
1542
5048
1544
1545
1546
1547
1548
1198
875
3563
1552
1553
9755
1555
7566
2416
3426
1559
1560
930
1562
1606
7044
9485
1566
1725
1568
1569
6289
1571
1572
1573
7361
1116
1576
6959
1578
6975
6779
40
7203
4758
2381
1585
4081
7652
1588
1589
7403
1591
1592
1593
1594
3428
1596
5509
8945
1599
5367
1601
1602
1603
2046
806
7939
1607
1608
684
5852
1611
1612
1613
150
6734
7265
1617
3920
4423
1620
1621
8435
1623
694
1660
1626
1627
4999
6825
282
227
9322
2178
2861
1635
1636
1637
7818
1639
1640
1641
1642
1643
5537
9120
1646
1647
7558
8466
9706
4311
1652
368
7084
1655
1656
1657
1658
1659
1625
1661
7062
9375
1664
8504
3144
2286
339
1669
6240
1671
8078
7844
1674
9559
261
1677
1678
4061
1680
1681
9289
1683
1893
7678
1686
2530
1688
1689
1690
7845
1692
1693
1694
1695
9745
1697
5590
8096
1700
6799
2535
1703
6521
1705
7236
1707
3981
6175
8044
7785
9269
1713
3432
1715
1716
1717
9308
4559
1720
1721
1722
2326
8427
6165
1726
1727
1728
1729
9471
4813
1732
1733
1734
6827
1736
1737
1991
1739
7186
1741
1485
1480
6444
5753
4667
6007
1748
1749
1750
1751
1011
1753
1754
6602
1756
1757
9066
1759
1760
1761
540
1763
3192
1765
1766
1767
1768
7917
296
386
7999
6235
3279
8246
1776
1777
2620
1706
6615
1561
1782
1783
1535
5849
1786
1787
1788
7873
1790
1791
3228
1793
8110
1795
2709
1797
1798
1799
1800
5490
1442
1803
147
1805
1806
3918
1808
1809
1810
8543
1812
1856
1814
9605
1816
1817
1818
2212
1820
1821
1822
2549
7571
1825
1826
1827
1828
5886
7024
9761
2623
995
1834
8263
2127
1837
9378
1839
1840
1841
2095
6863
1844
1845
3341
1847
5895
9935
1850
1851
8937
1853
1854
2194
3567
7588
1858
2987
9379
1861
1862
5401
1864
3097
1866
1867
6421
949
1870
1871
3717
4022
6479
6109
4809
1877
1878
1879
1880
1881
3840
2517
1884
1885
4876
1887
1888
1889
1890
1891
1892
1684
1894
6298
8791
1897
1898
1899
4700
4089
9852
7376
1904
1905
3178
1907
1908
1909
9465
7662
8100
1913
891
1915
7975
1917
8553
3957
1920
1921
5938
9004
1039
1925
2305
1927
3829
1929
4771
1931
1932
1933
1934
8374
1936
70
466
1939
1940
1941
9736
8923
1944
4925
1946
1947
1948
1949
1950
1951
1952
1953
9172
7237
4932
4722
2737
1959
7856
8746
8886
3607
1964
8240
1966
1967
1968
1969
7769
1971
1972
1973
1974
1975
1976
1977
1427
1979
1514
1981
6599
5871
1984
5821
3316
1987
8938
1989
1990
4868
1992
6854
5091
1995
1996
1997
1998
1999
2000
2001
3210
5204
2004
2005
2986
5267
2663
2009
3682
2011
6728
4401
2014
2015
2016
6610
2018
5858
6851
2021
5206
2023
2024
7329
2026
4373
2028
8832
6195
5480
1231
1258
2034
8473
2036
2037
9553
9913
2040
1215
8948
2725
8495
3581
1604
6577
2048
6183
4677
2051
2052
2053
2054
5134
7438
1667
8223
9669
3
192
8592
4657
7305
2065
2066
2067
2068
2069
8931
2071
782
2073
8222
2075
7893
2557
5514
6047
2080
7716
2082
8615
2526
2085
7602
6977
920
6515
2090
6815
2092
7110
2094
1842
7320
2097
2098
1117
3579
2101
2102
2103
2104
285
7857
2107
5697
2109
2110
9683
2112
2113
1123
3163
2116
2117
994
2592
2120
2121
3954
1699
1443
2125
1557
1836
1928
2129
5833
1160
9316
2133
2134
2135
2136
350
8486
2139
2140
2141
1577
2143
2144
2145
231
326
395
7617
2150
2151
2152
2153
2744
5422
2156
2157
5792
2159
2160
2161
2162
2163
4964
5370
2166
5056
2168
4965
2170
2171
8024
2173
4654
2175
2176
9305
1633
59
2734
5385
2182
797
2184
6384
398
6484
2188
6703
3502
2191
2192
2193
7018
2195
3352
8806
6903
4400
2200
2201
732
2203
2204
2205
2206
1696
2495
1883
2672
911
7222
2839
2214
2215
5728
2217
2218
2219
5842
5796
4801
5076
8618
2225
2226
4846
3000
2229
2230
2231
2232
2233
5020
2235
2236
2237
3268
5966
2240
1241
9872
2243
8492
809
5883
2247
2248
8752
2250
2251
3895
4451
462
1813
2256
2257
2258
7308
6819
2261
2262
2263
2264
7701
17
2267
2268
674
2270
9081
2272
4237
9907
3548
199
2277
3152
2279
2280
8783
2282
2283
2284
2285
2650
8629
3173
2289
6
7899
2292
5232
1470
2295
4351
2297
2298
6620
2300
2301
1730
2303
8409
4914
2306
2307
2977
948
2310
2311
2312
3145
5395
2315
4090
2317
2318
4469
5557
2321
2322
5808
2324
9548
8860
6464
6039
7892
2330
4457
2332
2333
3362
4087
2336
3950
9087
6896
2340
4389
1157
2715
6057
2345
543
3625
2348
2349
7404
2351
4238
2353
2354
4904
9711
3250
286
4032
2360
3360
2362
6506
5603
6603
7754
2367
6508
2369
2370
3247
2372
6500
2374
2375
2043
2507
2378
4621
2380
6787
2382
2383
9601
2385
2386
5453
6670
2389
2390
2391
2392
2393
8654
2395
2396
2397
2398
2399
2400
2401
2402
242
2314
2405
2531
1183
2408
8052
2410
9231
2412
2413
2414
2415
6628
3240
1581
971
2420
8115
2422
2423
2424
2425
2426
6095
2428
2429
5471
2431
759
4234
2434
6908
2436
7370
2438
575
541
2441
4343
7297
2444
2445
7522
2615
2448
2449
5766
2451
4270
2453
2454
2455
8313
6148
2234
2459
2460
2461
1351
2463
977
9349
2466
3971
2468
2469
2470
2729
441
2473
2474
9012
6924
4994
2478
1488
2480
2481
9570
2483
5033
2025
2486
2487
2488
1530
2524
2491
2774
2493
2494
6767
9974
2497
7180
2499
6105
1794
3757
2503
5468
6632
5346
2992
2508
3072
2510
2511
2512
2513
8508
9100
4668
2209
2518
2519
2520
2521
2368
5318
314
2525
6867
3554
7238
2529
1687
2406
2532
2533
4256
8312
1922
204
2538
6350
3635
2541
6198
1028
2544
9794
2546
3676
2548
9679
2550
2551
2552
2553
2554
6894
562
4038
2558
9426
2560
2561
2562
2563
2564
2565
3792
2567
8695
8957
1057
2571
2572
2573
2574
1189
6839
2577
2578
2579
2580
2581
2582
2583
2584
2260
1382
2587
2588
2589
6416
2591
3038
6732
4848
2595
2596
2597
2598
910
2600
2601
2602
2603
2604
2605
2606
2607
2608
5060
2610
173
2612
2613
2614
2447
2878
2617
2618
2619
7641
7157
5718
3845
9590
2625
9786
2627
7423
5691
2630
6997
2632
2633
2634
2635
2636
9963
2638
4378
4912
2641
2642
2643
6709
8839
2646
33
2648
5619
4966
5555
4759
2653
2654
2655
2656
186
2658
2659
2660
5067
3570
8821
2664
6587
2666
2667
2668
2669
2670
2671
8513
2673
2674
8081
7342
2677
2678
2679
2910
2681
5180
1003
2684
6061
4232
9020
635
2689
2690
2691
2224
799
4805
3498
5646
736
2698
2699
7514
2701
1211
3550
7287
2705
9411
2707
2708
8829
5371
2711
263
8895
6396
13
2716
2717
2718
2719
6768
1293
2722
9127
4778
2376
2726
2727
2728
9398
2730
6988
2732
2733
127
5031
2736
1235
2738
422
2740
6791
4674
2743
387
2745
2746
6606
9327
4441
2750
9101
2752
2753
2754
7550
3084
2757
8211
9196
2760
8528
7931
6737
1666
2765
2766
2767
2768
8258
2770
6534
8730
2773
8875
7523
2776
2777
9422
6806
3396
2781
9126
2783
2784
4565
2786
8759
2788
7965
8477
8212
2792
2793
6303
2795
2796
396
8194
2799
7513
2801
9933
2803
2804
9648
2806
9592
7969
6431
812
2811
2812
2813
2814
6826
6998
2817
2818
2819
8270
1391
2822
5784
2824
6388
6676
2827
2828
5327
2830
2831
2832
2833
4792
2835
2836
9566
2838
5311
6916
2841
1026
4918
2929
2845
7283
2847
2848
2849
2850
5280
2980
741
2504
1575
6965
8597
3536
2859
9417
1634
2862
6838
409
2865
8165
2867
2868
2869
2870
2871
6890
2873
2874
2875
3589
2877
9594
4728
2880
9493
9691
3852
3026
5657
1277
2887
1054
6986
4610
9370
7895
6885
2894
2895
2949
4822
2898
2899
2900
2901
4380
2903
2904
3236
7153
5351
2908
2909
2680
2911
2912
2913
2914
2915
7813
2917
2647
5655
1019
1409
2922
4019
9039
2925
2926
2927
2928
4873
2930
2931
4190
2933
2934
2935
2936
2937
2938
2939
2940
205
2942
2943
2944
5804
8319
2947
9582
2896
2950
2951
2952
2953
2954
2955
2956
2957
6137
2959
5987
2961
2962
2963
132
2965
2966
9529
5124
6711
2970
3611
2972
6857
2974
2975
2976
1143
2978
2979
2852
1773
2982
2983
8775
246
4318
8077
2988
3185
3641
1675
6308
1122
2994
2995
2996
2997
2998
6425
7389
9129
1481
8673
2078
12
3006
3007
3008
3860
3010
3011
3012
4955
4181
5504
3016
3017
3018
3019
3020
7692
3022
4055
5964
3025
2884
6948
3491
6911
3030
3031
1108
3033
3034
3035
3036
3599
2443
3039
7649
6804
6720
4254
3044
3045
3177
1872
3351
3049
3050
3051
7036
3053
3054
3055
5825
7763
3058
1178
5122
1521
8555
3063
3064
3065
3066
3067
3068
3716
3300
5623
5524
6376
3074
3075
3389
3077
3078
2876
6017
3081
3082
3083
2756
5611
3086
2404
3088
3808
2059
3091
3092
3966
3094
3095
3096
1865
3098
6272
3100
9916
1232
8645
3104
4550
9331
3107
3108
3109
5472
3111
3112
5915
4215
3115
1446
3117
3118
3119
6332
3121
496
340
3124
5026
7981
3127
9780
3129
3130
7358
3132
9930
219
3135
9040
3137
3138
3139
3140
7805
3142
8636
5337
5795
8471
5746
3148
3149
3150
3151
2278
3153
2316
8285
3156
2334
5505
3159
3160
3161
3162
8253
604
3165
3166
3167
3168
1196
1043
3171
3005
2288
3174
3175
6749
3046
1906
3179
3180
3181
3182
5548
3184
5240
9821
3187
3188
449
5673
2779
1764
3193
3194
9007
3196
3643
8698
122
9625
506
8302
3203
3204
3205
3776
6266
3566
3209
2002
3211
1563
3213
3214
3215
7706
3217
3218
3219
3220
3221
4244
3223
3224
7282
1630
8935
1792
3229
5055
3231
3232
9602
3234
926
7201
1403
3238
2293
2343
3241
9175
3243
8027
3245
3246
2371
3248
6024
2357
3251
3252
3253
3254
1290
3256
3257
3258
7083
92
3059
3262
3263
6625
3265
8387
3267
2238
3269
1284
3271
9726
6982
1527
3275
8845
3431
3278
9752
1033
2543
8207
9961
3284
3285
7827
3287
3288
3289
3685
3291
3292
3293
3294
3295
3296
3297
3298
3299
18
3712
3302
3303
79
3305
7310
3307
8585
9353
5954
7597
3312
9639
3314
3315
8491
5181
3318
5731
3320
3321
6378
3323
3324
3259
106
4462
7463
3329
3330
6696
1624
3333
3334
3335
4233
3904
7294
3339
3340
1846
6617
4705
3344
4684
3346
1771
2748
3349
3350
3048
6922
3353
9224
4116
3356
4587
3358
3359
4497
3361
3157
2515
2958
3365
3366
3367
7587
3369
9437
3371
4760
3373
1325
3375
182
2649
7256
6036
3154
3381
6469
3667
3368
5779
2661
6816
3388
3076
3390
3391
3392
3393
3394
3395
458
8054
3398
9802
9301
3401
3327
3403
9096
5466
3406
3407
9236
3409
4996
3411
7537
3413
6253
3415
3416
3417
3418
3419
3420
3421
3422
3423
8751
6597
7863
3634
1900
8987
3430
8977
7744
3433
3434
3435
8095
4607
7686
3439
3440
3750
3442
3443
8701
3445
3446
8852
3448
3449
3450
569
3452
3453
3454
3761
3456
3457
3458
3459
3460
3461
6151
8846
3464
3465
1583
1199
6366
183
3470
3471
3472
4341
3474
3475
6177
3477
2720
3479
3260
8333
8857
3483
4820
3485
3486
1676
3488
3489
3490
5304
3492
3493
3494
3495
2384
3930
2695
643
3500
1171
2475
4129
3504
7027
7879
3507
8166
2190
7327
5776
390
5859
3514
3515
3516
3517
3518
3519
269
3521
4831
5002
3524
539
5312
3527
3343
3529
533
3531
8362
624
3534
5320
3994
6301
5476
3539
3540
3541
3542
3543
3544
8247
9468
3547
2275
3549
6739
3551
3552
3932
2527
3555
140
3557
5929
7120
4203
8930
9868
4375
3564
3565
3532
181
3568
7021
2662
3571
5364
4266
3574
3575
3576
765
3578
4424
3580
1167
3582
3583
3584
8949
255
3587
2083
1065
9882
7141
1914
4913
3594
3595
9400
5003
3598
3037
3600
3261
3602
424
3604
3605
2682
1963
9658
3874
953
2971
5342
9724
3614
4775
3616
8187
3618
3619
3620
3621
3622
9509
3624
2347
3626
8836
3628
3936
2570
882
3632
3633
3427
692
3636
6364
3638
6853
4968
2990
3642
3673
3644
3645
3646
3647
3648
3649
3650
3651
3652
8275
8731
3655
4069
3657
8218
713
3660
3661
7406
3663
3664
3665
3666
3383
3668
565
9334
3671
1317
3197
4576
3675
2547
3677
7586
913
3680
3681
2010
3683
6570
3290
7740
3687
5419
3689
3690
3691
5717
3693
3694
4887
3696
3697
9886
3699
3700
3701
3702
5092
9898
3705
3706
3707
3708
3709
3710
3711
5117
3713
3714
1582
3069
9677
3718
5084
7114
3721
6621
3723
3724
9490
3726
3727
335
980
3730
3731
3732
3733
1168
1375
3736
4786
8060
3739
4707
6190
5921
3743
663
3745
3746
3747
3748
3749
2984
3751
3752
3753
3754
3755
3756
5990
3758
3759
4130
1353
9463
1955
5226
3765
9689
9444
6424
3769
9500
3771
3772
3773
3774
3775
1185
3777
2124
3779
3780
3781
3838
8623
8818
3785
3786
3787
3788
3789
3790
556
4909
3793
7938
5511
3796
8109
4119
2070
3800
6513
8637
6291
3804
4230
3806
3807
3089
9613
6571
3811
9968
1166
3814
9905
3816
8578
3818
6848
5210
9285
2676
3823
1062
3825
6058
8484
6943
998
8189
8738
3832
3042
3834
3926
3836
3837
7816
3839
6141
9090
5215
7729
1220
8010
5585
3847
3848
2329
3850
8549
5199
3853
9587
3855
3856
613
4783
3859
3009
3861
3854
3863
3864
3865
3866
3867
5029
3869
3870
8430
3872
4242
3609
3875
3876
712
3878
8311
3880
3881
3882
3883
3884
4572
3886
5571
4159
3889
3890
6414
3892
3948
3894
2265
5733
1653
3898
3899
75
3901
3902
3903
6032
3905
816
4444
3908
3909
3910
3911
3912
1610
3914
7163
410
3917
1807
3919
1618
7407
5760
3923
3924
3925
3835
4547
3928
3929
595
3931
2860
9260
6984
3935
3629
89
3938
6960
3940
3941
2341
6191
3944
6098
3946
3947
8819
3949
2337
3951
3952
6707
8521
3955
7022
1919
5262
987
3960
3961
3962
2964
3964
5999
3093
3967
3968
5300
3970
37
842
638
2099
3386
3976
3977
7958
3979
5041
1708
1145
3983
6021
3985
4885
3538
810
3989
3990
3991
4635
3993
9218
7543
3996
3997
4309
3999
4000
4001
4002
5484
4004
1233
4006
7285
4747
1083
4010
4011
4012
4013
4014
4015
4016
4825
4018
2923
4020
6544
1873
4023
4024
1830
4026
1396
5607
4029
7821
4031
1128
4033
178
4035
8905
4037
2077
4039
1455
4041
4042
4043
4044
4045
4046
4047
4048
4049
4096
4051
4052
6410
7918
3023
4056
8238
9484
4059
4060
1539
4062
8426
8388
4065
4066
4067
1042
9405
4070
9165
7651
4073
7251
4075
4076
4077
4078
5888
4080
1586
4082
4083
9198
4085
4086
6644
4088
8980
9757
1380
4092
7386
4332
4095
4050
8694
5592
1173
4100
4101
4102
1187
4104
4105
7293
8332
4108
4109
4110
9665
4112
9132
4114
4115
430
4117
4118
3798
2417
6613
4122
4123
3784
4125
5007
4127
4128
9156
3760
4131
4132
4133
1246
559
4136
4137
4138
4139
4140
4141
7485
8546
4144
4145
4146
3703
4148
4149
4150
4151
4160
4153
4154
4155
4156
4157
5699
4860
6136
4161
4162
4163
8075
4165
7552
8550
8946
4169
4170
8431
6050
8124
6776
4175
4176
4177
4178
4179
4180
3014
5380
4183
4184
4185
4186
4187
8236
4974
2932
4191
2864
4193
7385
4195
4196
4197
4198
4199
8613
4201
4202
3560
141
4205
3851
5501
4208
4209
4210
605
4212
4213
4214
3114
4216
3528
2476
4219
4600
4221
4222
4223
4224
4225
4226
8342
6022
4229
3805
4231
2686
3336
2433
4235
4236
9133
6420
4239
8844
6262
3873
7979
5806
4245
4246
4247
4248
4249
4250
4251
3462
4878
6306
4255
9044
4257
3002
4259
4260
4261
4952
9517
8878
4265
4143
4267
4268
4269
3497
4271
528
4273
4274
4275
4276
9354
4278
4279
4280
2
4282
7212
4284
4285
4286
6572
1859
4289
2863
4291
4292
4293
7117
7577
8992
4297
4298
4745
4300
4301
4302
4303
4304
264
4306
6282
4204
3998
4310
1651
4312
7051
4314
4315
4316
4317
2006
4319
4320
4321
4322
5666
9447
2063
4326
9415
7924
4329
4330
8245
4723
4333
4334
480
4336
9496
7263
4339
5727
3473
4342
5637
8520
3126
4346
4347
4348
4349
720
5305
7562
7098
4354
4355
4356
4656
4358
4359
4360
4361
1444
4363
4364
4365
4366
4367
9200
4369
4370
7914
5551
2555
4374
8301
7680
7104
941
4379
2902
4381
4382
619
4384
4385
2320
4387
5906
1958
803
990
4392
4393
5321
4395
493
4397
4398
8964
2199
9098
4402
4403
4524
4405
4406
4407
9956
4998
9235
4411
4412
7681
9682
4415
4416
4417
4418
8019
4420
4421
6171
1619
8428
6511
4426
4427
4428
7047
4837
4431
4432
4433
4434
4435
4436
4437
4438
4439
4440
9980
1012
4443
3907
4445
4446
4447
4448
4449
4450
2253
6181
4453
2223
110
7365
2331
2138
4459
7061
4864
2220
4463
4464
1194
4466
4467
4468
1053
4470
4471
4472
4473
4474
4475
4476
1648
7593
4479
4480
1457
4482
4483
4484
4485
4486
4947
4488
5064
4490
4491
5433
4493
4494
1270
4496
2361
4498
4499
4500
7451
4502
1296
4504
4505
1390
9286
4508
4935
4510
4511
4512
3510
4514
4515
6675
4517
5715
4519
4520
4521
4522
4523
4819
9588
9866
7711
4528
8657
8665
4531
4532
1154
4534
4535
4536
4537
4538
4539
7825
6471
4542
4543
505
5461
4546
2030
4548
1849
3105
8847
4552
4553
4554
4555
8676
2735
4558
1719
9772
4561
3841
8661
4564
2785
4566
6912
4568
4569
9931
9151
8544
859
4574
9678
9864
4577
4578
4579
4580
4581
4582
9038
4584
4585
4586
9338
1077
4589
7234
4591
4592
4593
7198
4595
4596
4597
4598
9251
4220
4601
6238
7119
3627
4605
4606
1543
4608
7799
5579
9774
4612
4613
4614
9017
4616
4617
4618
4619
4620
2379
4622
4623
6619
4625
4626
4627
4628
4629
8406
4631
9750
4633
1982
3992
8405
4637
4638
4639
4640
4641
1289
4643
4644
4645
4646
1833
2882
4649
4650
8073
5785
3206
5754
4655
4357
4325
4658
4659
837
1902
4662
3849
4664
4665
4666
1746
753
4669
1654
7053
4672
4673
2742
4675
4676
4126
5106
4679
4680
4681
4682
4683
3345
5450
4697
4687
4688
4689
5769
4691
6062
564
4874
4695
4696
7957
4698
4699
1595
2723
4702
5228
4704
2960
2866
3740
9164
9439
5082
2208
4712
1614
4714
4715
7902
4717
4718
4719
6616
4721
1957
4094
5116
4725
4726
4727
1197
4729
4730
4731
2858
5089
9389
1287
4736
9314
4738
4739
5834
4079
4742
4743
4744
4299
4746
4008
4748
4749
4750
7055
3562
4753
5822
4755
4756
3208
6678
21
8335
8419
1468
4763
9391
4765
4766
4767
4768
4769
4770
5967
9528
4773
4774
1120
4776
4777
5530
1464
4780
685
802
3858
7817
6016
3737
7906
8708
4789
2761
4791
7210
4793
2079
4795
4796
5456
4798
4799
6674
2222
4802
4803
4804
2694
4806
6849
4808
1876
1528
602
4812
1731
4814
4815
4816
7624
6843
5993
8855
4821
6020
3610
4824
4653
4826
4827
4828
1147
4830
7214
4832
4833
4834
4835
4836
4430
4838
4839
4840
4841
4842
4843
4844
6578
5359
4847
7059
4849
5277
2586
4852
4853
4854
6552
113
2304
4858
9384
2826
6782
4862
4863
3027
2721
4866
4867
1738
8472
4870
4871
3070
2844
4694
4875
1886
4877
4253
1711
4880
8309
7380
4883
4884
7600
4886
3695
4888
4889
4890
3133
4892
4893
4894
9538
4896
4897
8251
7221
4900
4901
3662
4903
2355
4905
4906
4907
266
2566
4910
4911
2640
8020
4442
4915
4916
4917
2843
4192
275
4921
4922
4923
4924
1945
4926
4927
4928
8056
658
8467
8556
4933
4934
4509
4936
4937
1672
5185
4940
4941
8788
2790
9603
4945
4946
9072
4948
4949
4950
4951
2500
4953
4954
3013
6723
4957
4958
4959
4960
7542
6123
6905
9505
2169
2057
4967
4206
7166
9155
4971
3975
5271
646
4975
7281
4977
4978
9262
7105
4981
1248
4983
8401
4985
4986
4987
4988
6006
3451
4991
4992
7847
9
4995
3309
9655
5594
6717
9740
8532
6305
3597
2093
6124
843
9461
5008
5009
5010
5011
5012
5013
5014
6807
947
5017
7564
5019
1061
5021
5022
5023
5024
5025
1045
7206
5028
1804
5030
3266
2857
2484
5899
5035
5036
5037
5038
5039
8449
3980
5042
5043
5044
5045
8358
5047
3437
5049
6559
5051
5052
5053
8989
3230
8560
5057
5058
5059
7777
5061
5801
2042
4489
2044
5066
4851
5068
5069
5070
5071
7877
5073
5074
6901
9282
5077
8202
240
6144
4939
8039
762
3719
9069
5086
5087
5088
4733
1362
6292
2683
5093
2458
8392
5096
3988
5098
6913
5100
5101
5102
5103
5104
5105
4678
1089
5108
5109
6993
5111
5112
5369
1134
2881
4724
3301
5118
6302
5120
5121
3060
5123
2968
5847
5126
6107
5128
5129
5130
8205
9647
5133
7195
5135
5136
5137
5138
5139
5140
1537
5142
5143
5144
5145
5146
5147
5148
5149
5150
5151
5152
4943
5154
8944
5156
5157
5158
5968
8322
4074
5162
5163
6265
5165
5166
1022
5168
5169
5170
8967
5172
4386
8088
406
5176
6985
5178
9158
3606
3317
4788
8692
5184
5081
5186
5187
9494
5189
5190
8204
6401
5193
5194
5195
4272
6475
5198
6932
8928
8451
2128
5203
5853
5205
2022
5207
6762
5209
3820
5211
5212
4025
5214
9216
5216
5217
5218
5219
5220
1181
5965
179
5224
5225
3764
5227
3379
5229
5230
5231
3239
5233
5234
5235
5236
9692
5238
5239
5694
2692
450
5243
5244
332
9064
5261
5248
5249
5250
5251
5252
5253
6374
5255
5256
5257
5258
5259
5260
5247
3958
5263
5264
5265
5266
8526
5268
5269
5270
4973
5272
5273
620
5275
5276
4850
5278
7787
2851
5281
5282
5283
9241
7239
5286
5287
5288
5289
2568
5291
5292
2890
5923
1030
5296
5297
5298
9965
3969
5301
5302
5303
7177
9508
8058
5307
5735
8107
4807
2106
8411
1415
5314
5315
6526
5942
2523
8161
3535
4394
305
4404
5324
5325
5326
7475
5328
5329
5330
5331
5332
5333
7339
5335
5336
3325
5338
9085
5340
8172
3612
5343
9985
5345
2506
5347
117
5349
5350
2907
5352
5353
7732
8307
4099
5357
5358
2227
5360
5361
5362
1392
3572
8029
5366
1600
8963
5972
2165
7978
5372
443
2244
5375
5376
8279
5378
5379
4182
5381
5382
5383
5384
4017
9445
5387
4818
5389
5390
5391
5392
5393
15
3986
5396
5397
5398
3481
5400
1863
9315
5403
5404
5405
747
1164
5408
5409
5410
5411
477
5413
3640
8896
5416
2780
5418
3688
5420
5421
2155
5423
4028
5425
5426
3533
5428
5429
5430
5431
5432
8927
5434
1357
5436
8407
5930
8005
5440
2576
5442
5443
5444
7360
5446
5447
5448
7439
4685
6497
5452
2387
5454
5455
4797
1843
5458
5459
5460
1367
5462
5463
5464
7688
3405
5467
2854
5469
5470
2430
3110
5473
5474
5475
3987
5477
5903
5479
2031
7324
6832
5483
6553
5485
5902
5487
5488
9416
4882
5491
9520
5493
5494
5495
5496
5497
5498
5499
5500
4207
5502
5503
3015
8902
5506
5221
5508
1597
8798
5125
5512
5513
3342
5515
377
2089
5518
9952
5520
5521
8527
5523
2509
5525
9114
5527
5528
5529
8808
2291
3122
5533
5534
3569
5536
1644
6669
5539
5540
5541
4920
5543
5544
7822
7723
9070
4040
6704
5550
4372
1857
5553
5554
9139
5556
5173
5558
5559
5560
5561
5562
5563
5564
5565
1035
5567
5568
5569
43
1052
5572
5573
6211
5575
5576
5577
3198
8577
7085
5581
5582
5583
8646
3846
5586
5587
5588
1292
7539
45
4098
2464
4409
5595
2108
5597
5598
5599
5600
5601
5602
8404
7517
5605
5606
2177
9436
5609
6697
3085
5612
5613
5614
5615
5616
6219
5618
7159
5620
6866
5622
3071
5624
5625
210
5627
5628
7622
5630
5631
5632
2185
5634
5635
7417
8425
5638
1993
5640
5641
5642
5643
1501
5645
5832
5647
5648
5649
5650
5651
731
5653
7197
2919
5656
1432
5658
5659
5660
5661
5802
5663
8420
5665
6874
5667
5668
2837
4084
7980
516
3190
5674
437
6488
8999
5678
5679
5680
5681
5682
5683
5684
5685
5686
7009
5688
5689
976
2629
5692
666
5719
5695
7122
5596
5698
3821
5700
9462
3482
6566
5704
5705
5706
5707
5815
5709
8918
5711
5712
5713
5714
4518
5716
3692
1493
2989
5720
5721
3942
194
5724
9157
8561
4340
2216
5729
5730
7506
9149
2808
6338
8461
5736
630
5738
5739
7703
5741
5742
2100
5546
138
2921
5747
5748
5749
5750
5751
5752
1745
2174
5755
5756
8356
16
5759
3922
5761
2146
5763
5764
5765
3623
5767
2622
4690
5770
7467
5772
3943
5774
5775
5584
9522
5778
6757
5780
5781
5782
100
2823
6663
5786
5787
6574
5789
5790
834
2158
5793
9185
2313
2815
5797
5798
5799
6078
852
5662
5803
2945
9016
7311
5807
9845
5809
8644
5811
5812
5813
5814
5708
5816
5817
5818
5819
9825
1985
4754
114
500
3056
9429
1368
8672
5829
258
5831
544
2130
4740
5835
7288
5837
5838
6738
5840
5841
3402
5099
5844
5845
6505
689
5223
1785
5850
5851
5175
6968
5854
5855
5856
5857
2019
945
5860
5861
5862
5863
5864
5865
5866
5867
5868
6084
5870
489
5872
7399
9034
8221
5876
5877
5878
5879
4930
5881
5882
2246
5884
9850
9604
7366
5580
5889
2687
5891
1796
9083
5054
2084
5896
7315
5898
408
5900
5901
9837
5478
5904
7984
290
6258
8747
9242
5910
5911
1682
1079
5914
3113
5916
5917
5918
1029
5920
3742
5922
5294
5924
5925
7575
8179
5928
8831
270
5931
9578
5933
5934
5935
7579
5937
8800
4701
5940
5941
6049
5943
5944
5945
5946
6957
5948
5949
5950
5951
5952
1437
6820
2472
5956
5957
5958
5959
5960
5961
7231
617
4323
5222
2239
1930
8670
745
5970
5971
5113
5973
5974
5975
5976
5977
8068
5979
5980
5981
5982
2276
5984
5985
8710
8890
7183
5989
2325
587
5992
5323
5994
9491
5996
932
6113
5317
6000
3280
6002
6003
6004
6005
8
6455
6008
6009
6010
6011
6012
6013
9376
1332
4785
3080
23
6019
2897
3984
4228
6023
3249
6025
9184
6027
6028
6029
6030
6031
6918
7663
6034
6035
2198
6037
5873
2328
6040
6041
6042
1477
6044
6045
6046
7090
970
344
2041
6051
6423
3032
6054
2710
5696
438
6209
6059
9696
4121
2665
6063
6064
6065
8361
6067
6068
6069
6070
6071
6072
6073
6074
6075
6076
5737
5800
6079
6080
6081
6082
6083
5869
3704
6086
6784
6088
6089
6090
6280
6092
6093
1723
4713
6096
6097
3945
9006
6100
6101
6102
7112
6104
4262
4651
5127
6108
8871
6110
6111
1263
5284
6114
6115
1414
6117
9409
6119
6120
6121
6122
4962
7266
6125
6895
9572
6128
6129
6130
4487
6132
3801
6134
6135
166
6673
6138
6139
6140
1461
6142
6143
5080
6145
6146
6147
681
8651
6150
8490
6152
6153
6154
9303
6156
6157
6158
6989
6160
7486
6162
6163
6164
3815
7298
6167
6168
7069
6170
517
6550
6173
5687
6169
6938
3476
6178
6179
6180
4452
6182
2049
6184
7126
7000
6273
316
7637
3741
5773
2327
9619
6194
4881
7639
6197
9321
6199
1632
6201
6202
7464
6204
8622
8506
8786
6208
8954
6210
5574
490
6213
2342
6215
6216
6217
6218
6309
6220
9124
3424
7705
5097
6225
6226
6227
6228
6229
6230
6231
6232
155
8932
237
3802
6237
6763
401
1670
6241
6242
6243
6244
6245
6246
6247
6740
6249
3201
6251
955
3414
6254
6255
9264
9734
5907
6259
6260
6261
7043
6263
6264
7752
6992
6438
6268
6269
5887
1159
3099
586
6274
6275
6276
6777
6278
6279
9237
6281
1780
6283
6284
5788
6286
7491
6288
4720
6290
3803
2465
6293
6294
6295
6296
6297
1895
6299
6300
8826
5119
3468
6304
5644
9934
6307
3385
6458
6310
6311
6257
244
9427
6315
6316
6317
6318
420
48
6321
6322
622
6324
6325
8013
6327
1110
6329
3123
6331
9008
5542
6334
9460
4
6337
5734
6339
9296
2556
6342
6343
6344
6345
6346
6347
7526
6349
2539
6351
7819
6353
7534
6355
6356
6357
1482
1901
6360
6361
6362
6363
3637
6365
2794
6367
3304
6369
6370
6371
7607
6373
7831
6375
3073
6377
3322
6379
6380
8188
6382
6383
5633
6385
393
6387
499
6389
6390
6391
6392
3487
6394
6520
2714
6397
6398
6399
6400
9698
6402
9878
6404
6405
6406
8067
6408
6409
4053
6415
6412
5449
3891
6411
9001
6417
8530
6419
8276
7033
6422
6052
3768
4217
6426
6427
6428
6429
6430
2809
6432
6433
6434
6435
6436
6437
6267
6439
6440
6441
6442
9911
907
606
6446
6447
6448
6449
6450
6451
9243
2967
5197
51
6456
6457
5617
6459
6460
6461
1538
6463
6192
5341
6466
6467
6468
8266
6470
5885
6472
6473
6474
6454
6476
6477
6478
1874
6480
6481
6482
6483
7601
5823
6486
6487
5676
6489
6490
6491
6492
331
4350
6495
6496
5451
6797
6499
1349
6501
5437
1176
2440
5846
4865
6507
2522
1238
1815
4944
6512
7441
6514
3617
3965
6517
6518
6519
6395
4602
6522
1994
6524
6340
5
1679
6528
6529
105
6531
6532
7479
1447
6535
6536
423
6538
6539
6540
6541
9946
6543
1300
6545
6808
6547
6548
6549
6172
1252
2450
4003
6589
6555
6556
6855
3596
5050
6560
6561
6562
6563
391
6565
5703
6630
6568
6569
8083
2885
4287
6573
7046
6575
6576
7936
4845
6579
1505
47
498
793
6584
5386
6586
4692
6588
8402
6590
6591
6592
6593
6594
6595
6596
8914
6598
4634
6600
6601
1755
2365
6604
6605
8536
6607
4549
7317
2017
6611
6612
337
6614
7943
1570
5998
4710
1286
2299
3722
354
6623
6624
3264
6626
6627
35
6629
2797
6631
2505
6633
7971
6635
9760
6753
6638
895
4200
6641
8047
6643
2335
6645
6646
2072
6648
6649
6650
6651
6652
6653
6654
7795
6656
6657
6658
6659
6660
6661
6662
4652
6664
8482
6666
6667
6668
5538
2388
6671
8929
3364
8865
1138
3888
6636
2409
6679
6680
1068
6682
6683
6684
8648
7057
6687
6688
6689
8978
6691
97
6693
7916
6695
3331
5610
6698
6699
7302
6701
6702
2189
969
6705
6928
3953
6533
2644
7535
5201
4859
6713
7340
6715
6716
6085
966
6719
3833
6721
6722
9199
6724
6725
6726
6727
5552
6729
6730
6731
9191
6733
1615
6735
6736
1102
61
8643
6056
8390
6742
6743
4492
5344
6746
6747
6748
3176
6750
6751
9732
6637
6754
6755
6756
2377
1980
6759
6760
8883
7357
6710
6764
1038
6766
4711
3478
8782
6770
6771
6772
6773
6774
6775
3441
6277
6778
603
4113
6781
548
6783
9438
8195
6786
1584
6788
6789
6790
1127
6792
6793
6794
6795
9084
6498
6798
5001
6800
7405
9189
8868
3041
6805
1086
5015
6546
8239
7400
6811
6812
7934
6814
2091
9204
6817
6818
1210
3310
1075
6822
6823
6824
1629
8130
1735
906
6829
6830
6831
8663
6833
6834
8485
472
2147
4290
6677
6840
6841
7583
215
4732
6845
1590
6847
9660
5310
703
2346
6852
9803
8953
632
8233
2973
6858
6859
478
6861
6862
2747
6864
8416
7667
9999
7828
2271
6870
6871
6872
3591
7801
6875
6876
2805
6878
6879
6880
6881
6882
6883
9976
2893
9013
3028
6888
6889
1093
6891
9176
6893
2086
8038
8866
271
6898
6899
6900
655
6902
8463
7155
4963
6906
6907
9254
3522
6910
3029
4956
5843
6914
8146
1709
6917
1013
6919
3313
8608
2196
8382
9453
6925
696
8745
6706
1316
2254
9607
5675
6933
6934
7073
6936
6937
400
6939
3377
9319
1253
3828
826
6945
6946
6947
4461
6949
6950
6951
6952
6953
6954
6955
6956
9791
6958
2142
3868
9622
6962
6963
6964
2485
6966
6967
2003
6969
6970
6971
6972
6973
6974
1579
9318
2087
6978
6979
5412
8209
3273
6983
3934
5177
2889
6176
2731
2763
788
6991
831
9063
6994
6995
6996
2631
2816
6999
6186
7001
7002
7003
7004
7005
7006
7007
7008
7704
8869
7011
7012
7013
375
7015
1163
7017
2050
7019
1285
5535
3615
7023
5213
7025
7026
3505
7028
7029
7030
7031
1151
639
8206
1370
3052
7037
7038
7039
7040
8284
1789
8524
1564
7045
6285
8873
7048
2941
7050
4313
7052
4671
7054
4751
7056
6686
7058
2594
8728
4460
1662
7063
7064
7065
7066
4929
7068
2840
7070
7071
7072
6935
8176
3436
7076
9452
7591
7079
7080
7081
7082
7482
4670
9583
1254
7087
7088
7089
4794
7091
7092
7093
7094
7095
7096
2782
7876
7099
7100
3337
7102
7103
4377
4980
7106
4979
7108
9919
5004
7111
6103
657
3720
7115
7116
4294
7118
4603
3559
3255
4703
7123
1499
7125
9167
7127
7128
7129
7130
8711
7132
5457
7134
7135
7136
7137
4218
7139
7140
2853
7142
7143
8162
7145
9921
7147
7148
9404
7150
78
7152
7393
7154
7306
8877
2621
9047
6940
7160
7161
2569
8269
7164
7165
4969
7167
7168
7169
7170
7171
7172
7173
4362
7175
7176
6131
9215
7179
2498
7181
7182
5988
7184
7185
5995
865
7188
7189
7190
7191
7192
7193
7194
2969
7196
5654
2749
7199
7200
2905
7202
3715
7204
7205
5027
4258
7208
7209
2834
7211
4283
899
8249
7215
8336
1823
7218
7219
7373
4899
451
9179
8252
7225
5200
7227
7250
9488
98
5962
73
7233
5424
7235
1779
8084
2528
6887
7240
7241
7242
7243
7244
7245
7246
1875
7248
7249
8171
5161
8256
5936
7254
7255
3378
7257
7258
503
7260
7261
7262
3189
7264
383
5005
7885
7268
7269
7270
7271
7272
7273
7776
7275
273
7277
7278
7279
6116
4976
3225
7589
7284
4007
7286
2704
8768
8082
7290
3525
7292
3195
3338
8810
8320
2119
7755
7299
688
7301
2559
7303
7304
2064
6904
774
2259
7309
3306
1478
7312
7313
7314
5897
7316
6609
7318
367
1360
8123
9032
6221
3170
385
7326
9131
7328
9891
7330
5522
8199
7333
7334
8453
8789
7337
1186
5334
4408
7341
3822
7490
944
3896
7346
7347
7348
7349
7350
7351
7352
7353
936
8911
7356
5208
3131
6336
257
7487
7362
8976
302
7151
6270
7367
7368
6931
2437
7371
7372
6087
8512
7375
1903
7377
7378
7954
1801
7381
7382
9885
6981
3425
4093
7387
7388
4642
7772
7391
7392
8505
7394
8412
7396
7397
7398
717
38
7401
212
6846
2339
9562
4902
469
7408
7409
24
7411
7412
7413
7414
7415
3558
5636
7418
7419
5435
7421
7422
2856
7424
7425
7426
9782
699
7429
9424
7431
7432
9534
3466
7435
3499
7437
2056
2741
7440
6133
5626
9686
593
9292
7446
7447
7448
9393
7450
6810
7452
7453
7454
7455
7456
7457
7458
7459
1896
7461
7462
3328
8180
7465
5018
5771
7468
7469
1518
7471
7472
7473
7474
2829
7476
7477
7478
4630
7480
7481
880
7483
7484
4142
6161
6214
9469
7489
9860
6287
7492
7493
7494
7495
7496
7497
7498
7499
3927
174
7502
7503
7504
7505
3319
7507
7508
7509
7510
8884
7512
2800
5407
7515
7516
5604
7518
6886
7520
201
2492
2775
7524
7525
6348
1503
7528
7529
7530
4368
7532
7533
960
588
7536
3412
7538
1698
7540
7541
4961
9221
7544
7545
7144
7547
7548
7549
2755
9593
4166
7553
7554
7555
8436
7557
9842
7559
7560
8828
4352
7563
3191
7565
1556
7567
7568
1017
7570
1824
7572
7573
7574
6869
9848
4295
7578
4027
7580
4345
7556
6842
7584
7585
3678
3384
322
8616
1106
7078
7592
4478
7594
9347
7596
3311
7598
7599
3087
9283
2027
8699
1084
7605
739
6372
7608
7609
7610
6758
9510
7613
7614
7615
7616
2149
7618
7619
7620
7621
5629
7623
4817
7625
9074
7627
7628
7629
7630
7631
740
7633
7634
7635
288
6189
9914
2055
3843
1778
7642
1500
7644
7645
7646
527
7788
334
7650
1087
8462
7909
7654
7655
7656
7657
4529
7659
8151
7661
1911
8951
7664
7665
7666
5621
7668
7669
7670
7671
7672
7673
7771
7675
7676
8588
1685
7679
4376
9573
7682
1567
7694
1078
1379
7687
5465
7689
7690
8998
3021
7693
1051
7695
7696
7697
7698
7699
7700
2252
7702
7149
6174
5762
4021
7707
7708
9369
7710
4527
7890
9892
821
7715
2081
7717
7718
7719
5702
304
7722
5744
939
7725
7726
7727
7728
9628
7730
7731
5354
7733
7734
9688
7736
7737
7738
7739
3686
6015
7742
7743
1714
7745
7746
7747
7748
7749
7750
7751
1412
7753
2366
6166
7756
1016
7758
7759
7760
7761
4194
3057
7764
7765
9834
7767
7768
1970
7770
9454
8234
7773
7774
1486
7274
8438
7778
7779
7780
9091
7782
7783
7784
9194
7786
6618
8856
7789
7790
7791
7757
7793
3270
2118
7796
7797
7798
4609
7800
1256
50
7803
7804
3141
3972
7807
7808
7809
7810
3282
7812
518
7814
7815
3782
4784
8794
4800
7820
2496
9819
7823
7824
4540
7826
3286
6868
7829
276
5254
7832
7833
9816
7835
7836
7837
8922
2435
7840
7841
7842
7843
4772
1691
7846
4993
345
281
7850
7851
7852
7853
2872
7855
1960
8970
7858
7859
7860
7861
7862
1558
7864
7865
7866
7867
7868
7869
7870
7944
7872
103
9478
7875
4353
5072
7878
3506
9877
7881
5939
7883
4594
7267
7886
7887
7888
7889
6921
7891
4663
2076
7894
2892
7896
7882
7898
6393
7900
2802
8282
7903
7904
7905
4787
7907
7908
5095
9387
7911
7912
7913
4371
7915
6694
1769
8630
7919
7220
8861
7922
7923
4328
7925
7926
7927
7928
7929
1334
2762
7932
7933
6813
7935
5032
7937
9591
3212
7940
8257
9228
9690
7871
7945
433
1407
8225
1206
7950
7951
7952
7953
7379
7955
7956
4660
3978
6335
7960
7961
6892
7963
7964
2789
1762
4525
7968
7345
7970
6634
3509
7973
2123
1916
7976
7977
9718
4243
5671
3125
7982
7983
5905
7985
2418
7987
7988
7989
7990
7991
1356
7993
7994
7995
76
7997
7998
1772
9270
8001
8002
8003
9824
202
8006
8007
8008
8009
9775
8011
8012
6326
8014
8015
8016
8017
309
4419
3593
8021
8022
8023
287
8025
8026
8470
8028
6527
777
8031
8032
8033
8034
8035
8036
8037
6126
3370
8040
3455
8042
8043
1710
9146
8046
6642
8048
8049
8050
8051
7434
2514
3397
8055
4158
8057
1882
8059
364
8061
8062
8063
8064
8065
8066
6407
5978
9990
8070
8071
8635
6106
8074
9449
8574
4288
4938
8079
8080
2675
2274
2628
7962
8085
8086
7335
5174
8089
8090
7897
8092
8093
8523
4706
7974
8097
5517
7228
1912
8101
8102
8103
1310
8105
8106
5309
8108
6403
2501
8111
8112
8113
8114
2421
8116
8117
6844
8119
8120
8121
8122
7321
4173
8125
8126
8127
8128
104
5000
8131
8132
8736
429
8135
8136
2013
8138
9222
8140
8141
8142
5710
8144
8145
4390
8743
8148
7213
8150
7660
3862
8153
8154
8155
8156
8157
2039
8159
8160
5167
7546
8163
8378
650
9250
8167
8168
8169
8170
8099
5114
8173
8174
8175
7074
4829
8178
5927
6203
8181
8182
8586
8184
8185
8186
2213
213
3830
46
8191
8192
4764
2798
6785
8196
8197
9051
7332
8200
5890
5078
8203
5191
7721
9109
7811
8208
1244
8210
2758
2791
8213
3274
8215
9067
8217
3658
8219
8220
5875
2074
3603
8224
8765
940
8227
8228
1276
8230
8231
8232
6856
7390
8235
4188
8237
4057
8811
1965
8241
8242
8243
8244
4331
1775
8981
8248
6909
677
4898
7224
2115
8254
8255
7252
7941
2769
8259
8260
5316
8262
1835
1338
8265
3382
8267
8268
3915
2820
8271
9261
9213
8274
1474
9161
1649
6837
5377
8280
9256
4716
8283
7041
3155
8286
8287
8288
8289
8290
2693
2179
8293
8294
8295
8296
8854
8298
8299
8300
1551
3202
8303
8304
8305
946
5355
5322
8177
8310
3879
771
2456
8314
8315
8316
8317
8318
2946
7296
8321
5160
8323
8324
8325
8326
8327
8328
8329
8330
7187
4107
5399
8334
9026
7216
8337
8338
9168
8340
8341
3501
8343
353
8345
8346
8347
8348
8349
8350
8351
3277
4054
8354
8355
5757
8357
5046
8359
8360
6066
4757
8363
8364
8365
6443
8367
9108
8369
8370
8371
3164
8373
315
8375
8376
8377
8758
8379
8380
8381
6923
8383
8384
923
8386
4338
4064
8389
9152
8391
7653
8393
8394
8395
1204
8397
8398
8399
8400
4984
6554
8403
2364
4636
9435
6445
8408
743
8410
572
1265
1454
8414
8415
5441
8417
8418
3795
5664
9695
8422
8423
8424
8098
3512
8567
3963
8429
9801
7884
925
8433
9756
1622
7582
8437
2609
8439
8440
8441
1430
8443
8444
8445
8446
8965
8448
1701
8450
835
1359
9011
1257
8455
9049
8457
794
8459
8460
5308
667
4761
8464
1529
8277
4931
8468
8469
9077
394
7946
2035
4686
8475
8476
2249
8478
8479
8480
8481
6665
8483
3827
6835
4458
8487
8041
8489
8458
1200
5374
8493
8494
1747
8496
8497
8498
8499
8500
8501
4545
8503
3654
641
6206
8507
2344
8509
8510
8511
7374
2210
8514
1752
8516
8517
8518
8519
4344
2122
8522
8094
2323
8525
57
9768
1459
9928
4030
3553
9853
8533
8566
8535
1988
8537
8984
8539
8540
8541
8542
1811
3885
8545
96
8547
8548
3577
4167
8551
8604
1631
8554
2651
1056
8557
2290
8559
2167
5726
8562
8563
8564
8565
8534
1724
8568
8569
152
8571
8572
8573
8076
8575
8576
5293
3817
8579
8580
8581
1954
7996
8584
3308
1034
8587
7677
8589
8590
8591
2062
8593
9487
5669
8596
6504
8598
8599
6234
8601
8602
8603
647
8605
8606
8607
6836
7966
8610
1060
6581
6640
8614
3588
2846
8617
5241
8619
979
1228
6205
3783
8624
8625
8626
8933
3630
1628
8353
8631
1271
8633
8634
8072
3143
6236
8638
8639
8640
8641
8642
2703
5810
4324
3511
8647
6685
8649
4737
933
8652
8653
838
7067
8656
7658
8658
5894
8660
3467
8662
7158
8664
4530
714
2739
8668
8669
5159
8671
9345
3003
8674
352
4556
8677
8678
8679
8680
5079
8682
2352
8684
8685
8686
8687
8688
8689
8690
8691
5183
1136
4097
9130
5909
8697
6608
8018
8700
3444
8702
8703
9201
9457
8706
8707
5182
8709
5986
510
6802
8713
8714
8715
8716
8717
8718
8719
8720
8721
8722
8723
8724
5115
1202
8727
63
2221
2772
3631
8732
8733
9626
8735
7910
8737
3831
4604
8740
8756
8742
8147
8744
6927
6926
5908
8748
8749
590
6222
6418
8753
8754
8755
3728
8757
7443
9163
8760
8761
8762
8763
87
7948
31
8767
9052
8769
8770
7854
8772
8773
8774
4174
8776
8777
9140
8779
8780
8781
6769
2281
8784
8785
1574
8787
4942
7336
1015
7460
8792
8793
9290
8795
8796
8797
9166
8799
2536
8801
8802
8803
8804
8805
2197
8807
2724
8809
2007
5306
8812
8813
8814
455
3613
8628
4124
3893
8820
2008
8822
8823
8824
8825
3537
8827
250
5892
8830
9874
2029
8833
8834
8835
6503
8837
8838
2645
8840
8841
8842
8843
4240
3276
9367
4551
8848
8849
8850
8851
3447
8853
557
3484
1155
7720
8858
8859
6094
7921
8862
8863
8864
9134
2350
8867
9633
7010
7849
7247
8872
9641
3004
2446
8876
8726
4264
8879
4391
9310
8882
6761
7511
8885
1962
8887
8888
8889
8816
8891
8892
8893
8894
2713
5415
1095
8898
8899
8900
8901
3158
8903
8904
4857
884
8907
5639
5963
8910
7355
2207
8913
7762
8915
8916
8917
4068
4560
8920
8921
9348
1943
8924
8925
8926
1381
7226
6672
3561
3799
3103
8627
8934
3227
8936
1852
6312
8939
8940
9371
8942
8943
5155
1598
4168
8947
5063
905
8950
6033
8952
8908
3826
8955
8956
664
8958
8959
8960
8961
8962
5368
67
8447
8966
5171
8968
8969
7714
8971
8972
8973
8974
8975
7363
8352
6690
8979
719
8396
8982
8983
8538
1550
8986
3429
3047
8659
8990
1378
1483
8993
8994
4762
9448
8997
513
5677
5363
5062
9002
9003
708
9005
6099
4106
3120
9009
9010
8087
7972
7519
9442
9015
5805
5794
9018
9019
3404
9021
9022
9023
9024
9025
3763
9027
9028
4567
9030
9031
7322
9033
5874
9035
9036
9037
4583
2924
6700
9041
9042
9043
2534
9045
1308
9245
9048
8456
661
8198
6987
9053
9054
9055
3639
9057
9058
7606
9060
9061
9062
5110
5246
1205
1758
4908
4072
3735
5547
9071
5285
9073
4741
9075
9076
3244
9078
1229
5492
9922
9082
7300
6796
5339
9086
251
9088
9089
4562
7781
1175
327
9094
9095
9386
9232
7488
9099
3363
2751
9102
9103
7325
9105
9106
9936
8368
7034
9110
9111
9112
9113
5526
9115
9116
9117
9118
9119
1645
9121
447
9123
7323
723
7097
7107
9144
161
6765
4513
6780
2273
6352
9135
9136
8432
9138
3062
6159
1225
983
9143
9128
737
8045
9147
9148
5732
9712
4571
6043
9153
9796
4970
9170
5725
5179
9159
218
8683
9162
2787
4708
4071
5510
6185
8339
9814
3503
9171
8582
9173
9174
3242
3372
9177
9178
7223
9180
9181
9182
6354
6026
4615
9186
9187
9188
8712
435
2593
8133
9193
957
9195
2759
9197
5670
9029
7531
8704
9202
9203
9988
64
9206
9207
9208
9209
9210
6580
9212
6386
9214
7178
3842
9217
8118
9219
9220
3995
8139
9223
3354
927
9226
9227
7942
9229
9230
2411
9097
9233
9234
4410
2626
6091
9238
9239
1260
3147
8696
6452
9244
5482
9246
9247
1848
9249
3508
4599
9252
9253
7839
9255
8281
9257
9258
961
3933
8272
8091
9263
6256
9265
9266
9267
9268
1712
8000
9271
9272
9273
9274
9275
9276
9277
9278
9279
9280
301
4454
2047
881
1504
4507
9287
9288
645
1638
9291
7445
9293
9294
9295
5955
9297
7501
9299
9300
3400
9302
6155
9304
1956
9306
9307
1718
9309
8881
9311
9312
9313
8650
5402
2132
9317
2657
6941
9320
2542
6200
9323
9324
9325
9326
6884
9328
1512
7343
3106
9332
9333
3670
9335
9336
9337
6333
7430
9340
9341
9342
9343
9344
5828
9346
7595
5365
6523
9350
9351
9352
3410
4277
9355
9356
3090
599
9359
9360
9361
6314
8488
9364
9365
1425
3463
9368
7603
1534
8941
9894
9373
9374
1663
6014
9377
8190
9366
9380
9381
9382
9383
6712
1565
5427
9192
9388
4734
9390
591
9392
7449
9394
9395
9396
9397
2471
853
6558
9401
2590
9403
5740
91
6551
9407
5783
6118
9410
284
9412
9413
9414
1007
5489
8531
9418
9419
9420
9421
2778
9423
9339
9425
3136
6330
9565
5826
9430
9431
9432
3744
9434
9918
9954
5279
2886
4709
9440
9441
9014
9443
3767
4861
9446
8600
8996
4164
9450
9451
7077
7138
7674
9455
9456
8705
9458
9459
7959
785
8552
3762
3556
1910
9466
9527
3546
8137
6714
442
9472
9473
9474
9475
4477
9477
7874
9479
9480
9481
9482
9483
4063
9621
9486
8594
7229
9489
3725
1740
9492
8817
5188
9495
4337
6745
9498
9599
3770
1350
9502
9503
9504
2516
9941
9507
5545
676
7612
9937
9512
9513
9514
9515
9516
4263
9518
9519
9080
9521
5777
9523
9524
9525
9526
413
1673
6453
9530
9531
9532
9533
7433
5830
9536
3956
4895
909
9540
9541
9542
9543
9544
9545
9546
9547
8734
2172
9550
9551
9552
2038
3061
5768
9556
9557
9558
2991
9560
9561
6801
9563
3172
9428
671
9567
9568
9569
5591
9571
6127
162
9574
993
9576
347
5932
9579
9580
9581
770
7626
9584
876
9586
8152
7967
9589
2624
3794
3207
7551
2616
9595
9596
9597
9598
9499
9600
3496
3233
4425
1829
6510
9606
374
1018
9609
9610
9611
9612
3809
9614
9615
9616
9617
9618
6193
9620
28
6961
9623
9624
3200
2502
9627
7640
9629
6809
9631
7466
6803
9634
9635
9636
9637
9638
6920
5153
4429
9642
9643
9644
9645
4147
772
6877
2477
9650
9651
9652
9653
9654
4997
9656
9657
3608
9659
3819
9661
1942
9663
9664
4111
4171
9667
9668
2467
9670
9671
9672
9673
9674
9675
1401
8988
4575
7217
9680
9681
4414
2111
9684
9685
8164
9687
7735
3766
171
4648
5237
9693
9694
8421
6060
9697
5192
9699
9700
1502
9702
9703
9704
9705
1650
9707
9708
9709
9710
2356
9150
9713
9714
9715
9716
9717
7436
5034
9720
9721
9722
9723
7685
9725
3272
9727
9728
5065
9730
9731
6752
9733
7133
9735
9662
9737
9738
9739
8729
9741
9742
7741
9744
8912
9746
9747
9748
9749
4632
9751
1774
9753
6976
1554
8434
3380
9758
9759
6865
1831
9762
9763
9764
9765
9766
9767
7331
9769
9770
4383
4570
9773
4611
1832
9776
9777
9778
9779
3128
9781
7427
9783
9784
9785
3408
9787
9788
9789
9790
5947
9792
9793
9549
9795
9154
9797
9798
9799
9800
3871
3399
9056
9804
3376
3729
9807
9808
9809
9810
9811
9812
9813
9169
9815
137
9817
9818
1434
9820
3186
9822
9823
8004
5820
9826
9827
4307
9829
9830
9831
9832
9833
7766
9835
9836
5486
9838
9839
9840
9841
9476
9843
7338
4241
9846
8250
7576
9849
4541
9851
5196
5040
9854
9855
9856
9857
9858
9859
9330
9861
5313
9863
3674
9865
4526
9867
4752
7636
9870
9871
2242
9873
6639
5107
9876
7880
4989
9879
88
9881
3590
9883
9884
7383
3698
9887
9888
9889
9890
841
5274
9893
9537
9895
9896
9897
2287
9899
9900
9901
9902
9903
9904
1247
9906
965
9908
99
9910
414
3134
8158
7638
9915
3101
9917
6708
7109
9920
7146
5926
9923
9924
9925
9298
7253
8529
9929
4891
1372
9932
790
2688
1520
9107
9511
9938
9939
9940
1315
9942
55
9944
9945
6542
9947
9948
9949
9950
9951
5519
9953
1149
9955
9957
9470
9958
9959
9960
3283
9962
2637
9964
5299
9966
9967
3812
9969
9970
9971
9972
9973
4506
3347
6860
9977
734
9979
1587
9981
9982
9983
9358
9497
9986
9987
3387
9989
8069
9991
9992
9993
9994
9995
9996
9997
9998
2255
306
