34
2
75
4
377
6
36
54
9
10
11
233
13
332
423
16
381
43
19
445
443
22
23
466
475
85
471
382
194
30
223
483
39
78
124
91
275
106
473
309
63
42
12
33
125
46
47
367
432
492
292
207
152
178
55
56
27
190
59
260
161
31
435
64
65
67
198
68
69
70
71
28
180
131
74
76
77
459
422
168
81
296
140
84
495
456
468
167
242
136
7
414
170
21
334
17
102
389
199
100
366
61
300
104
438
313
107
108
109
470
179
474
41
437
115
236
117
118
449
284
121
446
123
24
45
239
25
128
182
488
203
489
373
134
135
316
38
138
139
287
196
365
143
144
145
186
370
129
141
150
293
333
217
276
476
434
157
425
469
160
97
480
219
420
49
166
439
137
169
442
163
66
173
455
379
258
142
8
391
270
209
162
183
500
417
419
386
188
286
101
191
73
193
357
256
322
197
317
323
200
201
202
235
205
221
37
52
3
303
210
211
212
1
454
215
354
14
218
181
311
32
86
249
371
225
226
408
228
229
230
175
304
463
234
458
400
472
484
126
224
241
174
243
244
245
246
247
461
177
153
306
252
493
254
255
353
147
216
259
231
261
156
263
297
404
266
267
268
269
457
93
272
273
274
208
282
195
416
5
343
281
363
283
464
285
189
375
18
289
429
291
486
428
344
88
82
264
298
53
103
301
491
192
232
94
96
307
462
40
310
448
312
262
314
315
251
172
318
92
444
360
149
99
324
447
402
327
328
329
487
331
155
411
130
335
336
337
338
339
305
116
342
427
220
345
346
358
35
349
350
374
490
348
176
395
356
485
347
185
376
361
362
29
364
62
58
48
257
369
359
299
87
133
288
418
248
279
44
413
380
387
72
383
384
385
496
290
388
146
390
206
392
393
394
355
227
397
398
426
368
401
330
499
265
460
406
407
319
409
410
271
412
321
378
415
278
114
237
26
214
421
79
15
424
158
399
171
151
159
430
431
60
433
295
113
213
89
105
250
440
441
325
240
320
20
122
95
165
498
450
451
204
453
164
340
302
119
403
83
405
222
308
57
396
465
294
467
478
90
110
351
277
51
132
127
80
477
372
479
148
481
482
452
238
184
154
326
436
280
352
341
50
253
494
98
187
497
112
111
120
